"wz11cd","lsoa11cd","msoa11cd","date","Hours Worked: All categories: Hours worked; measures: Value","Hours Worked: Part-time: Total; measures: Value","Hours Worked: Part-time: 15 hours or less worked; measures: Value","Hours Worked: Part-time: 16 to 30 hours worked; measures: Value","Hours Worked: Full-time: Total; measures: Value","Hours Worked: Full-time: 31 to 48 hours worked; measures: Value","Hours Worked: Full-time: 49 or more hours worked; measures: Value"
"E33018102","E01008884","E02001904",2011,735,177,62,115,558,478,80
"E33018103","E01008884","E02001904",2011,324,77,30,47,247,198,49
"E33018104","E01008884","E02001904",2011,704,69,23,46,635,552,83
"E33018105","E01008884","E02001904",2011,413,69,13,56,344,308,36
"E33018106","E01008889","E02001904",2011,498,73,11,62,425,368,57
"E33018107","E01008889","E02001904",2011,228,67,7,60,161,136,25
"E33018108","E01008887","E02001904",2011,522,81,20,61,441,361,80
"E33018109","E01008889","E02001904",2011,179,23,3,20,156,122,34
"E33018110","E01008889","E02001904",2011,490,37,11,26,453,392,61
"E33018111","E01008889","E02001904",2011,473,61,20,41,412,326,86
"E33018112","E01008889","E02001904",2011,623,161,45,116,462,391,71
"E33018113","E01008910","E02001876",2011,481,54,14,40,427,376,51
"E33018114","E01008910","E02001876",2011,2456,499,109,390,1957,1663,294
"E33018115","E01033638","E02001875",2011,821,207,32,175,614,575,39
"E33018116","E01008913","E02001876",2011,363,37,18,19,326,288,38
"E33018117","E01008899","E02001863",2011,383,58,11,47,325,282,43
"E33018118","E01008899","E02001863",2011,256,51,13,38,205,182,23
"E33018119","E01008899","E02001863",2011,452,40,16,24,412,363,49
"E33018120","E01008899","E02001863",2011,465,76,20,56,389,327,62
"E33018121","E01008901","E02001863",2011,659,343,224,119,316,277,39
"E33018122","E01008901","E02001863",2011,667,91,19,72,576,503,73
"E33018123","E01008901","E02001863",2011,314,118,29,89,196,154,42
"E33018124","E01008901","E02001863",2011,509,66,6,60,443,379,64
"E33018125","E01008901","E02001863",2011,471,49,16,33,422,353,69
"E33018126","E01008917","E02001928",2011,261,36,4,32,225,204,21
"E33018127","E01008961","E02001942",2011,356,90,16,74,266,249,17
"E33018128","E01008961","E02001942",2011,371,185,58,127,186,162,24
"E33018129","E01008950","E02001939",2011,771,111,18,93,660,570,90
"E33018130","E01008991","E02001890",2011,794,209,44,165,585,538,47
"E33018131","E01008994","E02001900",2011,935,143,31,112,792,717,75
"E33018132","E01008994","E02001900",2011,333,61,5,56,272,242,30
"E33018133","E01008994","E02001900",2011,739,154,24,130,585,562,23
"E33018134","E01008994","E02001900",2011,206,67,11,56,139,136,3
"E33018135","E01008994","E02001900",2011,308,38,5,33,270,238,32
"E33018136","E01008990","E02001890",2011,741,80,17,63,661,596,65
"E33018137","E01008990","E02001890",2011,251,77,23,54,174,147,27
"E33018138","E01008990","E02001890",2011,415,78,21,57,337,301,36
"E33018139","E01008990","E02001890",2011,1722,403,70,333,1319,1187,132
"E33018140","E01008990","E02001890",2011,564,154,42,112,410,355,55
"E33018141","E01008988","E02001890",2011,392,105,15,90,287,259,28
"E33018142","E01033631","E02001905",2011,7744,2108,1144,964,5636,4537,1099
"E33018143","E01033631","E02001905",2011,210,59,20,39,151,114,37
"E33018144","E01033631","E02001905",2011,373,86,35,51,287,265,22
"E33018145","E01009007","E02001849",2011,233,99,20,79,134,117,17
"E33018146","E01009007","E02001849",2011,282,113,22,91,169,140,29
"E33018147","E01009007","E02001849",2011,384,173,43,130,211,189,22
"E33018148","E01009007","E02001849",2011,487,112,8,104,375,356,19
"E33018149","E01009007","E02001849",2011,507,119,27,92,388,364,24
"E33018150","E01009007","E02001849",2011,271,56,19,37,215,181,34
"E33018151","E01009007","E02001849",2011,398,140,34,106,258,235,23
"E33018152","E01009007","E02001849",2011,407,207,76,131,200,178,22
"E33018153","E01009014","E02001916",2011,1018,93,18,75,925,856,69
"E33018154","E01009026","E02001916",2011,370,116,33,83,254,210,44
"E33018155","E01033641","E02006901",2011,345,58,26,32,287,259,28
"E33018156","E01009015","E02001915",2011,315,101,24,77,214,166,48
"E33018157","E01009045","E02001923",2011,410,129,22,107,281,248,33
"E33018158","E01009069","E02001901",2011,491,241,58,183,250,229,21
"E33018159","E01009069","E02001901",2011,261,117,44,73,144,110,34
"E33018160","E01009098","E02001851",2011,842,91,25,66,751,696,55
"E33018161","E01009102","E02001854",2011,1571,157,48,109,1414,1190,224
"E33018162","E01009102","E02001854",2011,1166,599,283,316,567,515,52
"E33018163","E01009102","E02001854",2011,388,59,19,40,329,261,68
"E33018164","E01009102","E02001854",2011,584,112,24,88,472,371,101
"E33018165","E01009102","E02001854",2011,313,48,13,35,265,221,44
"E33018166","E01009102","E02001854",2011,304,34,14,20,270,246,24
"E33018167","E01009102","E02001854",2011,1483,189,53,136,1294,1110,184
"E33018168","E01009102","E02001854",2011,1028,170,65,105,858,762,96
"E33018169","E01009101","E02001855",2011,711,313,120,193,398,343,55
"E33018170","E01009101","E02001855",2011,2810,129,48,81,2681,2519,162
"E33018171","E01009101","E02001855",2011,526,52,15,37,474,407,67
"E33018172","E01009119","E02001949",2011,249,30,9,21,219,197,22
"E33018173","E01009119","E02001949",2011,274,97,23,74,177,153,24
"E33018174","E01009119","E02001949",2011,668,77,24,53,591,543,48
"E33018175","E01009119","E02001949",2011,386,47,15,32,339,291,48
"E33018176","E01009119","E02001949",2011,745,95,19,76,650,579,71
"E33018177","E01009116","E02001953",2011,965,160,44,116,805,722,83
"E33018178","E01033627","E02006898",2011,3549,451,121,330,3098,2467,631
"E33018179","E01033627","E02006898",2011,377,174,71,103,203,183,20
"E33018180","E01033622","E02006899",2011,1633,351,101,250,1282,950,332
"E33018181","E01033627","E02006898",2011,373,64,14,50,309,276,33
"E33018182","E01033627","E02006898",2011,1013,246,98,148,767,650,117
"E33018183","E01033627","E02006898",2011,1158,232,95,137,926,796,130
"E33018184","E01009146","E02006897",2011,249,93,21,72,156,133,23
"E33018185","E01009146","E02006897",2011,364,96,28,68,268,224,44
"E33018186","E01009146","E02006897",2011,389,132,42,90,257,218,39
"E33018187","E01009146","E02006897",2011,2428,473,80,393,1955,1835,120
"E33018188","E01033639","E02006897",2011,367,112,17,95,255,234,21
"E33018189","E01033639","E02006897",2011,377,188,75,113,189,164,25
"E33018190","E01033639","E02006897",2011,749,167,39,128,582,510,72
"E33018191","E01033639","E02006897",2011,539,245,69,176,294,263,31
"E33018192","E01033639","E02006897",2011,424,78,12,66,346,323,23
"E33018193","E01033639","E02006897",2011,588,58,7,51,530,506,24
"E33018194","E01033623","E02006899",2011,675,132,37,95,543,456,87
"E33018195","E01009159","E02001956",2011,1194,299,60,239,895,756,139
"E33018196","E01009159","E02001956",2011,709,347,125,222,362,330,32
"E33018197","E01009184","E02001918",2011,1210,337,82,255,873,817,56
"E33018198","E01009188","E02001918",2011,458,135,40,95,323,258,65
"E33018199","E01009178","E02001930",2011,539,256,67,189,283,237,46
"E33018200","E01009178","E02001930",2011,496,221,76,145,275,242,33
"E33018201","E01009178","E02001930",2011,386,237,73,164,149,131,18
"E33018202","E01009203","E02001869",2011,806,81,21,60,725,613,112
"E33018203","E01009199","E02001878",2011,850,204,91,113,646,487,159
"E33018204","E01009204","E02001878",2011,302,72,28,44,230,179,51
"E33018205","E01009204","E02001878",2011,312,49,9,40,263,198,65
"E33018206","E01009204","E02001878",2011,370,39,7,32,331,220,111
"E33018207","E01009204","E02001878",2011,255,34,9,25,221,183,38
"E33018208","E01033644","E02001878",2011,208,68,28,40,140,117,23
"E33018209","E01033644","E02001878",2011,257,27,4,23,230,204,26
"E33018210","E01033644","E02001878",2011,932,197,40,157,735,625,110
"E33018211","E01009194","E02001877",2011,327,111,36,75,216,190,26
"E33018212","E01009198","E02001884",2011,277,122,49,73,155,125,30
"E33018213","E01009198","E02001884",2011,293,103,16,87,190,150,40
"E33018214","E01009198","E02001884",2011,267,75,8,67,192,175,17
"E33018215","E01009198","E02001884",2011,327,109,27,82,218,187,31
"E33018216","E01009200","E02006900",2011,197,77,21,56,120,105,15
"E33018217","E01009200","E02006900",2011,248,98,37,61,150,103,47
"E33018218","E01009200","E02006900",2011,422,106,47,59,316,240,76
"E33018219","E01009200","E02006900",2011,745,108,21,87,637,580,57
"E33018220","E01009200","E02006900",2011,284,97,35,62,187,166,21
"E33018221","E01009200","E02006900",2011,301,52,11,41,249,223,26
"E33018222","E01009200","E02006900",2011,278,79,10,69,199,172,27
"E33018223","E01009200","E02006900",2011,965,268,69,199,697,604,93
"E33018224","E01009202","E02001869",2011,222,51,11,40,171,143,28
"E33018225","E01009202","E02001869",2011,1138,312,78,234,826,731,95
"E33018226","E01009202","E02001869",2011,226,28,11,17,198,158,40
"E33018227","E01009202","E02001869",2011,530,70,16,54,460,365,95
"E33018228","E01009203","E02001869",2011,275,34,3,31,241,219,22
"E33018229","E01009203","E02001869",2011,279,61,8,53,218,185,33
"E33018230","E01009203","E02001869",2011,380,32,12,20,348,268,80
"E33018231","E01009203","E02001869",2011,300,15,2,13,285,245,40
"E33018232","E01009203","E02001869",2011,242,27,7,20,215,185,30
"E33018233","E01009203","E02001869",2011,312,63,14,49,249,207,42
"E33018234","E01009203","E02001869",2011,252,27,8,19,225,196,29
"E33018235","E01009203","E02001869",2011,470,51,15,36,419,350,69
"E33018236","E01009201","E02001869",2011,258,66,10,56,192,154,38
"E33018237","E01009201","E02001869",2011,417,68,14,54,349,300,49
"E33018238","E01009201","E02001869",2011,564,97,30,67,467,415,52
"E33018239","E01009219","E02001946",2011,933,503,179,324,430,373,57
"E33018240","E01009232","E02001848",2011,452,101,32,69,351,304,47
"E33018241","E01009222","E02001834",2011,207,28,9,19,179,163,16
"E33018242","E01009222","E02001834",2011,668,173,47,126,495,402,93
"E33018243","E01009223","E02001839",2011,930,450,117,333,480,384,96
"E33018244","E01009239","E02001859",2011,339,95,26,69,244,222,22
"E33018245","E01009239","E02001859",2011,1179,216,37,179,963,763,200
"E33018246","E01009239","E02001859",2011,715,95,31,64,620,537,83
"E33018247","E01009239","E02001859",2011,516,143,42,101,373,362,11
"E33018248","E01009239","E02001859",2011,864,81,17,64,783,732,51
"E33018249","E01009240","E02001850",2011,316,78,15,63,238,194,44
"E33018250","E01009242","E02001850",2011,1210,690,250,440,520,459,61
"E33018251","E01009284","E02001922",2011,1423,446,97,349,977,875,102
"E33018252","E01009280","E02001926",2011,687,187,51,136,500,459,41
"E33018253","E01009281","E02001925",2011,230,98,29,69,132,114,18
"E33018254","E01009281","E02001925",2011,306,80,28,52,226,201,25
"E33018255","E01009303","E02001883",2011,633,100,32,68,533,460,73
"E33018256","E01009306","E02001872",2011,218,26,3,23,192,157,35
"E33018257","E01009315","E02001907",2011,810,313,80,233,497,468,29
"E33018258","E01009315","E02001907",2011,560,193,46,147,367,329,38
"E33018259","E01009320","E02001907",2011,252,97,25,72,155,131,24
"E33018260","E01009320","E02001907",2011,375,138,58,80,237,202,35
"E33018261","E01009320","E02001907",2011,247,96,27,69,151,127,24
"E33018262","E01009320","E02001907",2011,694,121,31,90,573,521,52
"E33018263","E01009321","E02001895",2011,739,73,22,51,666,604,62
"E33018264","E01009322","E02001895",2011,994,165,58,107,829,644,185
"E33018265","E01009322","E02001895",2011,787,92,24,68,695,548,147
"E33018266","E01009322","E02001895",2011,350,64,12,52,286,240,46
"E33018267","E01009332","E02006900",2011,308,161,56,105,147,134,13
"E33018268","E01009329","E02001896",2011,222,123,19,104,99,81,18
"E33018269","E01009329","E02001896",2011,385,195,31,164,190,169,21
"E33018270","E01009339","E02006901",2011,390,65,19,46,325,268,57
"E33018271","E01009338","E02001896",2011,1471,232,49,183,1239,1096,143
"E33018272","E01009340","E02006901",2011,741,100,25,75,641,549,92
"E33018273","E01009339","E02006901",2011,207,42,9,33,165,143,22
"E33018274","E01009339","E02006901",2011,1079,102,28,74,977,835,142
"E33018275","E01009341","E02001892",2011,4359,1079,171,908,3280,2977,303
"E33018276","E01009332","E02006900",2011,793,145,51,94,648,591,57
"E33018277","E01009332","E02006900",2011,443,228,45,183,215,173,42
"E33018278","E01009349","E02001862",2011,360,166,64,102,194,166,28
"E33018279","E01033635","E02001865",2011,276,90,26,64,186,152,34
"E33018280","E01033635","E02001865",2011,535,211,67,144,324,272,52
"E33018281","E01009354","E02001862",2011,228,74,16,58,154,131,23
"E33018282","E01009379","E02001897",2011,573,263,39,224,310,272,38
"E33018283","E01009364","E02001897",2011,448,149,40,109,299,247,52
"E33018284","E01009364","E02001897",2011,367,54,12,42,313,233,80
"E33018285","E01009364","E02001897",2011,372,88,26,62,284,245,39
"E33018286","E01009378","E02006896",2011,517,183,49,134,334,292,42
"E33018287","E01009367","E02001909",2011,195,39,11,28,156,145,11
"E33018288","E01009367","E02001909",2011,234,117,36,81,117,102,15
"E33018289","E01009367","E02001909",2011,392,145,58,87,247,211,36
"E33018290","E01009371","E02001903",2011,274,130,33,97,144,125,19
"E33018291","E01033641","E02006901",2011,423,143,44,99,280,251,29
"E33018292","E01009400","E02001857",2011,768,105,32,73,663,535,128
"E33018293","E01009400","E02001857",2011,491,52,15,37,439,391,48
"E33018294","E01009400","E02001857",2011,551,40,5,35,511,457,54
"E33018295","E01009423","E02001828",2011,759,374,146,228,385,331,54
"E33018296","E01009424","E02001830",2011,360,99,18,81,261,230,31
"E33018297","E01009424","E02001830",2011,598,99,24,75,499,410,89
"E33018298","E01009432","E02001832",2011,696,96,25,71,600,465,135
"E33018299","E01009449","E02001835",2011,343,124,35,89,219,194,25
"E33018300","E01009450","E02001838",2011,553,68,23,45,485,423,62
"E33018301","E01009443","E02001847",2011,981,540,130,410,441,387,54
"E33018302","E01009443","E02001847",2011,727,94,22,72,633,558,75
"E33018303","E01009441","E02001847",2011,445,41,7,34,404,362,42
"E33018304","E01009441","E02001847",2011,1078,80,21,59,998,873,125
"E33018305","E01009449","E02001835",2011,248,61,22,39,187,166,21
"E33018306","E01009449","E02001835",2011,319,132,41,91,187,158,29
"E33018307","E01009449","E02001835",2011,336,138,52,86,198,173,25
"E33018308","E01009449","E02001835",2011,744,322,122,200,422,386,36
"E33018309","E01009449","E02001835",2011,600,369,164,205,231,215,16
"E33018310","E01009449","E02001835",2011,559,168,68,100,391,331,60
"E33018311","E01009474","E02001836",2011,610,280,85,195,330,273,57
"E33018312","E01009456","E02001844",2011,315,103,27,76,212,164,48
"E33018313","E01009478","E02001874",2011,821,164,18,146,657,486,171
"E33018314","E01009483","E02001877",2011,520,92,19,73,428,385,43
"E33019808","E01009378","E02006896",2011,405,97,14,83,308,292,16
"E33019809","E01033559","E02001875",2011,266,66,10,56,200,163,37
"E33019810","E01033559","E02001875",2011,307,33,6,27,274,251,23
"E33019811","E01033559","E02001875",2011,294,97,22,75,197,162,35
"E33019812","E01033559","E02001875",2011,396,83,33,50,313,238,75
"E33019813","E01033559","E02001875",2011,225,38,7,31,187,165,22
"E33019814","E01033559","E02001875",2011,238,55,17,38,183,160,23
"E33019815","E01033559","E02001875",2011,208,41,8,33,167,136,31
"E33019816","E01033559","E02001875",2011,224,42,12,30,182,165,17
"E33019817","E01033559","E02001875",2011,307,84,22,62,223,171,52
"E33019818","E01033559","E02001875",2011,446,139,30,109,307,259,48
"E33019819","E01033561","E02001876",2011,239,57,14,43,182,167,15
"E33019820","E01033561","E02001876",2011,595,99,46,53,496,428,68
"E33019821","E01033561","E02001876",2011,236,38,11,27,198,173,25
"E33019822","E01033561","E02001876",2011,411,129,45,84,282,234,48
"E33019823","E01033561","E02001876",2011,1444,698,346,352,746,705,41
"E33019824","E01033561","E02001876",2011,865,131,59,72,734,629,105
"E33019825","E01033562","E02001913",2011,237,59,10,49,178,150,28
"E33019826","E01033562","E02001913",2011,459,100,17,83,359,330,29
"E33019827","E01033562","E02001913",2011,1615,367,51,316,1248,1114,134
"E33019828","E01033562","E02001913",2011,1687,545,113,432,1142,1044,98
"E33019829","E01033562","E02001913",2011,4392,973,170,803,3419,2926,493
"E33019830","E01033616","E02006896",2011,317,76,18,58,241,193,48
"E33019831","E01033615","E02006896",2011,292,44,11,33,248,201,47
"E33019832","E01033615","E02006896",2011,309,94,43,51,215,164,51
"E33019833","E01033615","E02006896",2011,1386,866,449,417,520,485,35
"E33019834","E01033615","E02006896",2011,828,284,90,194,544,405,139
"E33019835","E01033615","E02006896",2011,1266,219,47,172,1047,980,67
"E33019836","E01033615","E02006896",2011,397,43,15,28,354,300,54
"E33019837","E01033615","E02006896",2011,287,76,15,61,211,187,24
"E33019838","E01033615","E02006896",2011,319,102,29,73,217,166,51
"E33019839","E01033615","E02006896",2011,2020,1160,640,520,860,783,77
"E33019840","E01033615","E02006896",2011,261,123,54,69,138,123,15
"E33019841","E01033615","E02006896",2011,827,129,17,112,698,647,51
"E33019842","E01033615","E02006896",2011,320,62,20,42,258,219,39
"E33019843","E01033615","E02006896",2011,335,130,28,102,205,154,51
"E33019844","E01033557","E02006895",2011,896,128,22,106,768,724,44
"E33019845","E01033617","E02001876",2011,598,118,23,95,480,417,63
"E33019846","E01033617","E02001876",2011,349,43,2,41,306,279,27
"E33019847","E01033617","E02001876",2011,894,218,41,177,676,613,63
"E33019848","E01033617","E02001876",2011,204,44,12,32,160,136,24
"E33019849","E01033617","E02001876",2011,1180,163,19,144,1017,808,209
"E33019850","E01033617","E02001876",2011,348,53,16,37,295,264,31
"E33019851","E01033617","E02001876",2011,1138,146,17,129,992,923,69
"E33019852","E01033617","E02001876",2011,2900,657,118,539,2243,1940,303
"E33019853","E01033617","E02001876",2011,344,98,28,70,246,205,41
"E33019854","E01033617","E02001876",2011,2997,279,70,209,2718,2193,525
"E33019855","E01033617","E02001876",2011,364,88,41,47,276,216,60
"E33019856","E01033619","E02006898",2011,207,48,13,35,159,136,23
"E33019857","E01033619","E02006898",2011,268,41,15,26,227,196,31
"E33019858","E01009378","E02006896",2011,226,46,11,35,180,158,22
"E33019859","E01009378","E02006896",2011,200,48,18,30,152,142,10
"E33019860","E01009378","E02006896",2011,384,74,18,56,310,274,36
"E33019861","E01009378","E02006896",2011,516,48,12,36,468,390,78
"E33019862","E01009378","E02006896",2011,257,48,9,39,209,168,41
"E33019863","E01009378","E02006896",2011,310,63,12,51,247,215,32
"E33019864","E01033620","E02006899",2011,426,144,40,104,282,260,22
"E33019865","E01033561","E02001876",2011,357,94,22,72,263,233,30
"E33019866","E01033561","E02001876",2011,406,69,20,49,337,282,55
"E33019867","E01033561","E02001876",2011,228,39,14,25,189,164,25
"E33019868","E01033561","E02001876",2011,1939,498,233,265,1441,1211,230
"E33019869","E01033561","E02001876",2011,254,74,24,50,180,157,23
"E33019870","E01033561","E02001876",2011,1577,321,41,280,1256,1184,72
"E33019871","E01033561","E02001876",2011,305,73,19,54,232,194,38
"E33019872","E01033561","E02001876",2011,474,81,20,61,393,359,34
"E33019873","E01033561","E02001876",2011,397,59,20,39,338,312,26
"E33019874","E01009345","E02001879",2011,1090,194,31,163,896,811,85
"E33019875","E01033620","E02006899",2011,310,56,7,49,254,239,15
"E33019876","E01033620","E02006899",2011,515,73,7,66,442,359,83
"E33019877","E01033620","E02006899",2011,406,107,35,72,299,229,70
"E33019878","E01033620","E02006899",2011,697,71,12,59,626,453,173
"E33019879","E01033620","E02006899",2011,1925,615,201,414,1310,1176,134
"E33019880","E01033620","E02006899",2011,390,80,38,42,310,267,43
"E33019881","E01033620","E02006899",2011,1589,165,21,144,1424,1101,323
"E33019882","E01033620","E02006899",2011,1138,120,29,91,1018,749,269
"E33019883","E01033620","E02006899",2011,294,71,19,52,223,187,36
"E33019884","E01033620","E02006899",2011,512,161,57,104,351,305,46
"E33019885","E01033620","E02006899",2011,254,35,9,26,219,165,54
"E33019886","E01033620","E02006899",2011,1743,226,46,180,1517,1253,264
"E33019887","E01033620","E02006899",2011,1341,276,70,206,1065,992,73
"E33019888","E01033620","E02006899",2011,1063,141,25,116,922,822,100
"E33019889","E01033620","E02006899",2011,409,45,3,42,364,304,60
"E33019890","E01033620","E02006899",2011,1440,244,56,188,1196,1045,151
"E33019891","E01033620","E02006899",2011,907,171,52,119,736,633,103
"E33019892","E01033620","E02006899",2011,1291,189,19,170,1102,955,147
"E33019893","E01033620","E02006899",2011,769,209,64,145,560,484,76
"E33019894","E01033620","E02006899",2011,676,87,11,76,589,492,97
"E33019895","E01033620","E02006899",2011,985,140,24,116,845,763,82
"E33019896","E01033620","E02006899",2011,485,98,32,66,387,340,47
"E33019897","E01033620","E02006899",2011,198,104,41,63,94,85,9
"E33019898","E01033620","E02006899",2011,391,82,25,57,309,243,66
"E33019899","E01033620","E02006899",2011,855,142,37,105,713,650,63
"E33019900","E01033620","E02006899",2011,988,162,54,108,826,714,112
"E33019901","E01033620","E02006899",2011,273,78,26,52,195,167,28
"E33019902","E01033620","E02006899",2011,496,158,28,130,338,316,22
"E33019903","E01033620","E02006899",2011,1354,290,58,232,1064,1006,58
"E33019904","E01033620","E02006899",2011,1824,217,35,182,1607,1179,428
"E33019905","E01033620","E02006899",2011,410,35,8,27,375,312,63
"E33019906","E01033620","E02006899",2011,313,44,11,33,269,228,41
"E33019907","E01033620","E02006899",2011,614,102,27,75,512,457,55
"E33019908","E01033625","E02006899",2011,1352,122,21,101,1230,1092,138
"E33019909","E01033625","E02006899",2011,2021,344,109,235,1677,1440,237
"E33019910","E01033625","E02006899",2011,329,87,33,54,242,203,39
"E33019911","E01033625","E02006899",2011,282,46,20,26,236,196,40
"E33019912","E01033617","E02001876",2011,603,170,54,116,433,374,59
"E33019913","E01033625","E02006899",2011,906,214,33,181,692,610,82
"E33019914","E01033625","E02006899",2011,521,172,51,121,349,299,50
"E33019915","E01033625","E02006899",2011,268,112,65,47,156,133,23
"E33019916","E01033625","E02006899",2011,666,120,26,94,546,485,61
"E33019917","E01033617","E02001876",2011,1687,246,74,172,1441,1341,100
"E33019918","E01008899","E02001863",2011,312,61,16,45,251,194,57
"E33019919","E01033620","E02006899",2011,441,193,85,108,248,231,17
"E33019920","E01033620","E02006899",2011,1005,549,216,333,456,425,31
"E33019921","E01033620","E02006899",2011,309,67,12,55,242,224,18
"E33019922","E01033620","E02006899",2011,865,476,219,257,389,353,36
"E33019923","E01033620","E02006899",2011,319,145,61,84,174,146,28
"E33019924","E01033620","E02006899",2011,1357,381,59,322,976,940,36
"E33019925","E01033620","E02006899",2011,331,55,14,41,276,255,21
"E33019926","E01033620","E02006899",2011,348,127,47,80,221,199,22
"E33019927","E01033620","E02006899",2011,620,251,117,134,369,314,55
"E33019928","E01033620","E02006899",2011,434,186,67,119,248,188,60
"E33019929","E01033620","E02006899",2011,354,167,68,99,187,169,18
"E33019930","E01033620","E02006899",2011,368,101,17,84,267,253,14
"E33019931","E01033620","E02006899",2011,370,96,26,70,274,239,35
"E33019932","E01033620","E02006899",2011,206,103,37,66,103,91,12
"E33019933","E01033620","E02006899",2011,333,157,71,86,176,144,32
"E33019934","E01033620","E02006899",2011,523,166,60,106,357,317,40
"E33019935","E01033620","E02006899",2011,2606,267,56,211,2339,1918,421
"E33019936","E01033622","E02006899",2011,233,48,25,23,185,156,29
"E33019937","E01033622","E02006899",2011,306,40,15,25,266,192,74
"E33019938","E01033622","E02006899",2011,677,113,31,82,564,526,38
"E33019939","E01033619","E02006898",2011,264,57,16,41,207,166,41
"E33019940","E01033619","E02006898",2011,420,136,38,98,284,229,55
"E33019941","E01033619","E02006898",2011,348,54,13,41,294,265,29
"E33019942","E01033623","E02006899",2011,324,48,10,38,276,246,30
"E33019943","E01033623","E02006899",2011,615,97,24,73,518,435,83
"E33019944","E01033623","E02006899",2011,600,133,31,102,467,382,85
"E33019945","E01033631","E02001905",2011,233,104,66,38,129,115,14
"E33019946","E01033631","E02001905",2011,576,109,25,84,467,413,54
"E33019947","E01009143","E02006897",2011,601,78,12,66,523,489,34
"E33019948","E01009143","E02006897",2011,447,180,34,146,267,211,56
"E33019949","E01009143","E02006897",2011,1166,212,55,157,954,834,120
"E33019950","E01033565","E02006898",2011,1072,240,36,204,832,787,45
"E33019951","E01033620","E02006899",2011,559,122,29,93,437,361,76
"E33019952","E01033620","E02006899",2011,350,91,21,70,259,182,77
"E33019953","E01033620","E02006899",2011,359,161,50,111,198,181,17
"E33019954","E01009342","E02001889",2011,1441,419,85,334,1022,945,77
"E33019955","E01033622","E02006899",2011,443,108,30,78,335,288,47
"E33019956","E01033623","E02006899",2011,212,39,12,27,173,137,36
"E33019957","E01009239","E02001859",2011,1563,360,145,215,1203,1101,102
"E33019958","E01009239","E02001859",2011,698,111,35,76,587,486,101
"E33019959","E01009239","E02001859",2011,535,87,23,64,448,412,36
"E33019960","E01008914","E02001876",2011,248,56,17,39,192,162,30
"E33019961","E01008914","E02001876",2011,215,49,17,32,166,143,23
"E33019962","E01008914","E02001876",2011,246,52,18,34,194,170,24
"E33019963","E01008914","E02001876",2011,227,21,5,16,206,184,22
"E33019964","E01008914","E02001876",2011,224,34,9,25,190,151,39
"E33019965","E01008914","E02001876",2011,444,46,16,30,398,343,55
"E33019966","E01009418","E02001827",2011,284,80,31,49,204,152,52
"E33019966","E01009433","E02001827",2011,284,80,31,49,204,152,52
"E33019967","E01009418","E02001827",2011,635,281,125,156,354,254,100
"E33019967","E01009433","E02001827",2011,635,281,125,156,354,254,100
"E33019967","E01009419","E02001827",2011,635,281,125,156,354,254,100
"E33019967","E01009417","E02001827",2011,635,281,125,156,354,254,100
"E33019968","E01009415","E02001828",2011,258,91,33,58,167,125,42
"E33019968","E01009423","E02001828",2011,258,91,33,58,167,125,42
"E33019969","E01009423","E02001828",2011,437,168,65,103,269,218,51
"E33019969","E01009425","E02001828",2011,437,168,65,103,269,218,51
"E33019970","E01009425","E02001828",2011,420,173,72,101,247,194,53
"E33019970","E01009415","E02001828",2011,420,173,72,101,247,194,53
"E33019970","E01009422","E02001828",2011,420,173,72,101,247,194,53
"E33019971","E01009425","E02001828",2011,475,205,62,143,270,236,34
"E33019972","E01009422","E02001828",2011,496,223,80,143,273,212,61
"E33019972","E01009425","E02001828",2011,496,223,80,143,273,212,61
"E33019973","E01009420","E02001829",2011,364,144,63,81,220,157,63
"E33019973","E01009426","E02001829",2011,364,144,63,81,220,157,63
"E33019973","E01009416","E02001829",2011,364,144,63,81,220,157,63
"E33019974","E01009416","E02001829",2011,324,110,41,69,214,146,68
"E33019975","E01009431","E02001829",2011,367,137,55,82,230,173,57
"E33019975","E01009429","E02001829",2011,367,137,55,82,230,173,57
"E33019975","E01009426","E02001829",2011,367,137,55,82,230,173,57
"E33019976","E01009431","E02001829",2011,412,173,87,86,239,188,51
"E33019976","E01009426","E02001829",2011,412,173,87,86,239,188,51
"E33019976","E01009429","E02001829",2011,412,173,87,86,239,188,51
"E33019977","E01009424","E02001830",2011,421,176,76,100,245,187,58
"E33019977","E01009421","E02001830",2011,421,176,76,100,245,187,58
"E33019978","E01009424","E02001830",2011,338,100,27,73,238,185,53
"E33019979","E01009424","E02001830",2011,230,72,19,53,158,127,31
"E33019979","E01009430","E02001830",2011,230,72,19,53,158,127,31
"E33019980","E01009427","E02001830",2011,333,160,59,101,173,139,34
"E33019980","E01009430","E02001830",2011,333,160,59,101,173,139,34
"E33019981","E01009430","E02001830",2011,281,133,59,74,148,107,41
"E33019981","E01009427","E02001830",2011,281,133,59,74,148,107,41
"E33019982","E01009468","E02001830",2011,278,120,50,70,158,115,43
"E33019983","E01009424","E02001830",2011,349,95,22,73,254,210,44
"E33019984","E01009424","E02001830",2011,914,280,89,191,634,507,127
"E33019984","E01009428","E02001830",2011,914,280,89,191,634,507,127
"E33019985","E01009448","E02001831",2011,321,113,43,70,208,155,53
"E33019985","E01009445","E02001831",2011,321,113,43,70,208,155,53
"E33019986","E01009447","E02001831",2011,262,106,26,80,156,124,32
"E33019986","E01009446","E02001831",2011,262,106,26,80,156,124,32
"E33019987","E01009447","E02001831",2011,704,103,31,72,601,539,62
"E33019987","E01009445","E02001831",2011,704,103,31,72,601,539,62
"E33019987","E01009446","E02001831",2011,704,103,31,72,601,539,62
"E33019988","E01009452","E02001831",2011,364,116,43,73,248,205,43
"E33019988","E01009455","E02001831",2011,364,116,43,73,248,205,43
"E33019989","E01009447","E02001831",2011,534,192,58,134,342,273,69
"E33019989","E01009452","E02001831",2011,534,192,58,134,342,273,69
"E33019989","E01009448","E02001831",2011,534,192,58,134,342,273,69
"E33019990","E01009437","E02001832",2011,213,96,36,60,117,90,27
"E33019991","E01009444","E02001832",2011,370,174,54,120,196,160,36
"E33019992","E01009454","E02001832",2011,282,98,39,59,184,160,24
"E33019992","E01009435","E02001832",2011,282,98,39,59,184,160,24
"E33019993","E01009432","E02001832",2011,3177,983,202,781,2194,1986,208
"E33019994","E01009437","E02001832",2011,381,114,33,81,267,207,60
"E33019995","E01009435","E02001832",2011,327,96,32,64,231,175,56
"E33019995","E01009437","E02001832",2011,327,96,32,64,231,175,56
"E33019996","E01009467","E02001833",2011,329,135,51,84,194,145,49
"E33019996","E01009465","E02001833",2011,329,135,51,84,194,145,49
"E33019997","E01009221","E02001833",2011,345,170,48,122,175,153,22
"E33019998","E01009464","E02001833",2011,292,95,37,58,197,155,42
"E33019998","E01009465","E02001833",2011,292,95,37,58,197,155,42
"E33019999","E01009221","E02001833",2011,352,116,32,84,236,194,42
"E33019999","E01009465","E02001833",2011,352,116,32,84,236,194,42
"E33020000","E01009220","E02001834",2011,576,211,75,136,365,289,76
"E33020000","E01009233","E02001834",2011,576,211,75,136,365,289,76
"E33020000","E01009224","E02001834",2011,576,211,75,136,365,289,76
"E33020000","E01009222","E02001834",2011,576,211,75,136,365,289,76
"E33020001","E01009471","E02001835",2011,288,112,40,72,176,132,44
"E33020002","E01009453","E02001835",2011,566,235,66,169,331,262,69
"E33020002","E01009449","E02001835",2011,566,235,66,169,331,262,69
"E33020002","E01009451","E02001835",2011,566,235,66,169,331,262,69
"E33020003","E01009471","E02001835",2011,272,93,32,61,179,150,29
"E33020003","E01009466","E02001835",2011,272,93,32,61,179,150,29
"E33020004","E01009466","E02001835",2011,357,120,45,75,237,179,58
"E33020005","E01009449","E02001835",2011,506,209,83,126,297,251,46
"E33020006","E01009451","E02001835",2011,450,163,59,104,287,217,70
"E33020007","E01009472","E02001836",2011,370,146,57,89,224,177,47
"E33020007","E01009474","E02001836",2011,370,146,57,89,224,177,47
"E33020007","E01009470","E02001836",2011,370,146,57,89,224,177,47
"E33020008","E01009472","E02001836",2011,309,108,34,74,201,139,62
"E33020008","E01009135","E02001836",2011,309,108,34,74,201,139,62
"E33020008","E01009473","E02001836",2011,309,108,34,74,201,139,62
"E33020009","E01009469","E02001836",2011,263,136,55,81,127,91,36
"E33020009","E01009470","E02001836",2011,263,136,55,81,127,91,36
"E33020010","E01009474","E02001836",2011,306,124,60,64,182,133,49
"E33020010","E01009472","E02001836",2011,306,124,60,64,182,133,49
"E33020011","E01009473","E02001836",2011,1444,708,261,447,736,642,94
"E33020011","E01009469","E02001836",2011,1444,708,261,447,736,642,94
"E33020012","E01009133","E02001837",2011,654,253,78,175,401,325,76
"E33020012","E01009134","E02001837",2011,654,253,78,175,401,325,76
"E33020012","E01009131","E02001837",2011,654,253,78,175,401,325,76
"E33020012","E01009130","E02001837",2011,654,253,78,175,401,325,76
"E33020013","E01009128","E02001837",2011,357,153,39,114,204,169,35
"E33020013","E01009131","E02001837",2011,357,153,39,114,204,169,35
"E33020013","E01009127","E02001837",2011,357,153,39,114,204,169,35
"E33020014","E01009137","E02001837",2011,337,147,38,109,190,156,34
"E33020014","E01009134","E02001837",2011,337,147,38,109,190,156,34
"E33020015","E01009440","E02001838",2011,383,205,83,122,178,125,53
"E33020015","E01009436","E02001838",2011,383,205,83,122,178,125,53
"E33020016","E01009438","E02001838",2011,280,88,44,44,192,142,50
"E33020016","E01009436","E02001838",2011,280,88,44,44,192,142,50
"E33020017","E01009440","E02001838",2011,281,116,46,70,165,129,36
"E33020018","E01009450","E02001838",2011,367,105,49,56,262,193,69
"E33020018","E01009434","E02001838",2011,367,105,49,56,262,193,69
"E33020019","E01009225","E02001839",2011,365,162,52,110,203,159,44
"E33020019","E01009223","E02001839",2011,365,162,52,110,203,159,44
"E33020019","E01009228","E02001839",2011,365,162,52,110,203,159,44
"E33020020","E01009227","E02001839",2011,328,100,21,79,228,198,30
"E33020020","E01009228","E02001839",2011,328,100,21,79,228,198,30
"E33020021","E01009223","E02001839",2011,254,71,19,52,183,143,40
"E33020022","E01009228","E02001839",2011,310,132,45,87,178,141,37
"E33020022","E01009225","E02001839",2011,310,132,45,87,178,141,37
"E33020023","E01009129","E02001840",2011,305,114,49,65,191,157,34
"E33020023","E01009132","E02001840",2011,305,114,49,65,191,157,34
"E33020024","E01009121","E02001840",2011,245,99,22,77,146,118,28
"E33020025","E01009122","E02001840",2011,353,90,29,61,263,231,32
"E33020026","E01009136","E02001840",2011,376,157,29,128,219,203,16
"E33020026","E01009132","E02001840",2011,376,157,29,128,219,203,16
"E33020027","E01009121","E02001840",2011,274,96,19,77,178,158,20
"E33020028","E01009463","E02001841",2011,245,101,44,57,144,114,30
"E33020028","E01009457","E02001841",2011,245,101,44,57,144,114,30
"E33020029","E01009463","E02001841",2011,274,119,38,81,155,118,37
"E33020029","E01009459","E02001841",2011,274,119,38,81,155,118,37
"E33020030","E01009461","E02001841",2011,318,108,37,71,210,148,62
"E33020030","E01009463","E02001841",2011,318,108,37,71,210,148,62
"E33020031","E01009459","E02001841",2011,323,161,78,83,162,129,33
"E33020031","E01009457","E02001841",2011,323,161,78,83,162,129,33
"E33020032","E01009245","E02001842",2011,299,116,43,73,183,144,39
"E33020032","E01009246","E02001842",2011,299,116,43,73,183,144,39
"E33020032","E01009235","E02001842",2011,299,116,43,73,183,144,39
"E33020033","E01009247","E02001842",2011,295,109,45,64,186,151,35
"E33020033","E01009246","E02001842",2011,295,109,45,64,186,151,35
"E33020033","E01009243","E02001842",2011,295,109,45,64,186,151,35
"E33020034","E01009245","E02001842",2011,348,128,39,89,220,178,42
"E33020034","E01009243","E02001842",2011,348,128,39,89,220,178,42
"E33020035","E01009230","E02001843",2011,250,82,19,63,168,150,18
"E33020035","E01009229","E02001843",2011,250,82,19,63,168,150,18
"E33020036","E01009229","E02001843",2011,365,119,27,92,246,199,47
"E33020036","E01009231","E02001843",2011,365,119,27,92,246,199,47
"E33020036","E01009230","E02001843",2011,365,119,27,92,246,199,47
"E33020037","E01009231","E02001843",2011,322,108,29,79,214,172,42
"E33020038","E01009230","E02001843",2011,648,273,77,196,375,297,78
"E33020038","E01009226","E02001843",2011,648,273,77,196,375,297,78
"E33020038","E01009229","E02001843",2011,648,273,77,196,375,297,78
"E33020039","E01009226","E02001843",2011,317,99,30,69,218,181,37
"E33020040","E01009462","E02001844",2011,487,230,80,150,257,215,42
"E33020041","E01009003","E02001844",2011,465,159,38,121,306,242,64
"E33020042","E01009003","E02001844",2011,493,165,43,122,328,260,68
"E33020043","E01009458","E02001844",2011,284,119,29,90,165,133,32
"E33020043","E01009460","E02001844",2011,284,119,29,90,165,133,32
"E33020044","E01009456","E02001844",2011,344,109,33,76,235,189,46
"E33020044","E01009458","E02001844",2011,344,109,33,76,235,189,46
"E33020044","E01009460","E02001844",2011,344,109,33,76,235,189,46
"E33020045","E01009001","E02001844",2011,475,137,34,103,338,286,52
"E33020045","E01009460","E02001844",2011,475,137,34,103,338,286,52
"E33020046","E01009462","E02001844",2011,306,105,48,57,201,146,55
"E33020047","E01009236","E02001845",2011,304,119,39,80,185,152,33
"E33020047","E01009234","E02001845",2011,304,119,39,80,185,152,33
"E33020047","E01009244","E02001845",2011,304,119,39,80,185,152,33
"E33020048","E01009244","E02001845",2011,695,241,92,149,454,367,87
"E33020048","E01009248","E02001845",2011,695,241,92,149,454,367,87
"E33020049","E01009234","E02001845",2011,347,95,27,68,252,204,48
"E33020049","E01009248","E02001845",2011,347,95,27,68,252,204,48
"E33020049","E01009244","E02001845",2011,347,95,27,68,252,204,48
"E33020050","E01009405","E02001846",2011,297,106,31,75,191,146,45
"E33020050","E01009406","E02001846",2011,297,106,31,75,191,146,45
"E33020051","E01009407","E02001846",2011,358,104,26,78,254,199,55
"E33020051","E01009405","E02001846",2011,358,104,26,78,254,199,55
"E33020052","E01009403","E02001846",2011,387,134,47,87,253,210,43
"E33020052","E01009406","E02001846",2011,387,134,47,87,253,210,43
"E33020052","E01009404","E02001846",2011,387,134,47,87,253,210,43
"E33020053","E01009439","E02001847",2011,301,108,44,64,193,153,40
"E33020053","E01009442","E02001847",2011,301,108,44,64,193,153,40
"E33020054","E01009441","E02001847",2011,340,69,30,39,271,175,96
"E33020055","E01009443","E02001847",2011,579,108,44,64,471,375,96
"E33020055","E01009442","E02001847",2011,579,108,44,64,471,375,96
"E33020056","E01009123","E02001848",2011,449,151,55,96,298,250,48
"E33020057","E01009124","E02001848",2011,303,123,46,77,180,148,32
"E33020057","E01009125","E02001848",2011,303,123,46,77,180,148,32
"E33020057","E01009123","E02001848",2011,303,123,46,77,180,148,32
"E33020058","E01009232","E02001848",2011,549,178,55,123,371,313,58
"E33020059","E01033632","E02001849",2011,309,142,61,81,167,139,28
"E33020059","E01009007","E02001849",2011,309,142,61,81,167,139,28
"E33020060","E01009002","E02001849",2011,293,71,15,56,222,167,55
"E33020060","E01009006","E02001849",2011,293,71,15,56,222,167,55
"E33020060","E01009007","E02001849",2011,293,71,15,56,222,167,55
"E33020061","E01033632","E02001849",2011,335,91,23,68,244,178,66
"E33020062","E01009007","E02001849",2011,335,86,18,68,249,210,39
"E33020062","E01009006","E02001849",2011,335,86,18,68,249,210,39
"E33020063","E01009237","E02001850",2011,339,103,40,63,236,195,41
"E33020063","E01009240","E02001850",2011,339,103,40,63,236,195,41
"E33020064","E01009237","E02001850",2011,320,118,39,79,202,158,44
"E33020064","E01009238","E02001850",2011,320,118,39,79,202,158,44
"E33020065","E01009238","E02001850",2011,647,150,45,105,497,442,55
"E33020065","E01009241","E02001850",2011,647,150,45,105,497,442,55
"E33020065","E01009240","E02001850",2011,647,150,45,105,497,442,55
"E33020066","E01009242","E02001850",2011,483,161,41,120,322,278,44
"E33020066","E01009241","E02001850",2011,483,161,41,120,322,278,44
"E33020067","E01009100","E02001851",2011,449,179,51,128,270,219,51
"E33020067","E01009098","E02001851",2011,449,179,51,128,270,219,51
"E33020067","E01009105","E02001851",2011,449,179,51,128,270,219,51
"E33020068","E01009005","E02001851",2011,362,126,49,77,236,183,53
"E33020068","E01009009","E02001851",2011,362,126,49,77,236,183,53
"E33020068","E01009100","E02001851",2011,362,126,49,77,236,183,53
"E33020069","E01009105","E02001851",2011,495,101,24,77,394,372,22
"E33020070","E01009100","E02001851",2011,452,102,35,67,350,301,49
"E33020070","E01009098","E02001851",2011,452,102,35,67,350,301,49
"E33020071","E01009409","E02001852",2011,293,105,35,70,188,161,27
"E33020071","E01009408","E02001852",2011,293,105,35,70,188,161,27
"E33020072","E01009408","E02001852",2011,386,127,25,102,259,228,31
"E33020072","E01009410","E02001852",2011,386,127,25,102,259,228,31
"E33020073","E01009410","E02001852",2011,777,95,34,61,682,499,183
"E33020074","E01009410","E02001852",2011,463,172,49,123,291,228,63
"E33020074","E01009408","E02001852",2011,463,172,49,123,291,228,63
"E33020074","E01009126","E02001852",2011,463,172,49,123,291,228,63
"E33020075","E01009011","E02001854",2011,309,118,53,65,191,153,38
"E33020076","E01009008","E02001854",2011,310,113,31,82,197,160,37
"E33020076","E01009012","E02001854",2011,310,113,31,82,197,160,37
"E33020076","E01009011","E02001854",2011,310,113,31,82,197,160,37
"E33020077","E01009104","E02001854",2011,575,131,36,95,444,404,40
"E33020077","E01009102","E02001854",2011,575,131,36,95,444,404,40
"E33020078","E01009012","E02001854",2011,269,108,40,68,161,130,31
"E33020078","E01009102","E02001854",2011,269,108,40,68,161,130,31
"E33020079","E01009099","E02001855",2011,366,99,26,73,267,240,27
"E33020079","E01009097","E02001855",2011,366,99,26,73,267,240,27
"E33020080","E01009096","E02001855",2011,261,106,25,81,155,129,26
"E33020081","E01009103","E02001855",2011,380,139,32,107,241,213,28
"E33020081","E01009097","E02001855",2011,380,139,32,107,241,213,28
"E33020082","E01009106","E02001855",2011,929,223,49,174,706,587,119
"E33020082","E01009097","E02001855",2011,929,223,49,174,706,587,119
"E33020083","E01009101","E02001855",2011,675,337,104,233,338,296,42
"E33020083","E01009099","E02001855",2011,675,337,104,233,338,296,42
"E33020084","E01009411","E02001856",2011,675,125,35,90,550,461,89
"E33020084","E01009414","E02001856",2011,675,125,35,90,550,461,89
"E33020084","E01008915","E02001856",2011,675,125,35,90,550,461,89
"E33020085","E01009413","E02001856",2011,282,116,44,72,166,134,32
"E33020085","E01009412","E02001856",2011,282,116,44,72,166,134,32
"E33020085","E01009414","E02001856",2011,282,116,44,72,166,134,32
"E33020086","E01008915","E02001856",2011,567,76,22,54,491,418,73
"E33020087","E01009414","E02001856",2011,450,175,45,130,275,212,63
"E33020087","E01009413","E02001856",2011,450,175,45,130,275,212,63
"E33020088","E01008999","E02001857",2011,246,100,28,72,146,118,28
"E33020088","E01009000","E02001857",2011,246,100,28,72,146,118,28
"E33020089","E01033646","E02001857",2011,307,90,20,70,217,196,21
"E33020089","E01009000","E02001857",2011,307,90,20,70,217,196,21
"E33020090","E01033646","E02001857",2011,403,137,34,103,266,231,35
"E33020091","E01008998","E02001857",2011,395,138,57,81,257,201,56
"E33020092","E01009000","E02001857",2011,320,100,26,74,220,182,38
"E33020092","E01008999","E02001857",2011,320,100,26,74,220,182,38
"E33020092","E01009400","E02001857",2011,320,100,26,74,220,182,38
"E33020093","E01009013","E02001857",2011,290,111,35,76,179,154,25
"E33020094","E01033630","E02001857",2011,369,97,26,71,272,253,19
"E33020095","E01009013","E02001857",2011,570,191,54,137,379,313,66
"E33020096","E01009401","E02001857",2011,501,104,42,62,397,304,93
"E33020097","E01009056","E02001858",2011,273,109,40,69,164,126,38
"E33020098","E01009263","E02001858",2011,307,124,39,85,183,163,20
"E33020098","E01009049","E02001858",2011,307,124,39,85,183,163,20
"E33020099","E01009264","E02001858",2011,402,143,47,96,259,203,56
"E33020099","E01009265","E02001858",2011,402,143,47,96,259,203,56
"E33020100","E01009263","E02001858",2011,352,118,27,91,234,198,36
"E33020100","E01009265","E02001858",2011,352,118,27,91,234,198,36
"E33020101","E01009058","E02001859",2011,326,160,74,86,166,132,34
"E33020101","E01009054","E02001859",2011,326,160,74,86,166,132,34
"E33020101","E01009061","E02001859",2011,326,160,74,86,166,132,34
"E33020102","E01009054","E02001859",2011,499,162,60,102,337,287,50
"E33020102","E01009058","E02001859",2011,499,162,60,102,337,287,50
"E33020102","E01009051","E02001859",2011,499,162,60,102,337,287,50
"E33020103","E01009058","E02001859",2011,486,252,80,172,234,196,38
"E33020103","E01009053","E02001859",2011,486,252,80,172,234,196,38
"E33020104","E01009239","E02001859",2011,412,52,18,34,360,307,53
"E33020105","E01009051","E02001859",2011,393,161,56,105,232,189,43
"E33020105","E01009054","E02001859",2011,393,161,56,105,232,189,43
"E33020106","E01009273","E02001860",2011,331,144,38,106,187,149,38
"E33020106","E01009271","E02001860",2011,331,144,38,106,187,149,38
"E33020106","E01009269","E02001860",2011,331,144,38,106,187,149,38
"E33020106","E01009270","E02001860",2011,331,144,38,106,187,149,38
"E33020107","E01009266","E02001860",2011,418,165,57,108,253,204,49
"E33020107","E01009269","E02001860",2011,418,165,57,108,253,204,49
"E33020107","E01009271","E02001860",2011,418,165,57,108,253,204,49
"E33020108","E01009270","E02001860",2011,373,151,55,96,222,183,39
"E33020108","E01009266","E02001860",2011,373,151,55,96,222,183,39
"E33020109","E01009057","E02001861",2011,292,151,61,90,141,110,31
"E33020109","E01009059","E02001861",2011,292,151,61,90,141,110,31
"E33020110","E01033621","E02001861",2011,262,109,46,63,153,127,26
"E33020111","E01033621","E02001861",2011,258,90,41,49,168,148,20
"E33020112","E01009059","E02001861",2011,293,130,38,92,163,147,16
"E33020112","E01009060","E02001861",2011,293,130,38,92,163,147,16
"E33020113","E01009050","E02001861",2011,477,170,48,122,307,247,60
"E33020113","E01009057","E02001861",2011,477,170,48,122,307,247,60
"E33020114","E01009349","E02001862",2011,412,141,43,98,271,233,38
"E33020114","E01009351","E02001862",2011,412,141,43,98,271,233,38
"E33020115","E01009349","E02001862",2011,337,152,48,104,185,151,34
"E33020115","E01009351","E02001862",2011,337,152,48,104,185,151,34
"E33020115","E01009274","E02001862",2011,337,152,48,104,185,151,34
"E33020116","E01009274","E02001862",2011,297,146,42,104,151,125,26
"E33020117","E01009272","E02001862",2011,279,77,30,47,202,157,45
"E33020117","E01009268","E02001862",2011,279,77,30,47,202,157,45
"E33020118","E01009351","E02001862",2011,428,111,31,80,317,274,43
"E33020118","E01009354","E02001862",2011,428,111,31,80,317,274,43
"E33020119","E01009272","E02001862",2011,300,65,20,45,235,209,26
"E33020119","E01009274","E02001862",2011,300,65,20,45,235,209,26
"E33020120","E01008916","E02001863",2011,224,93,27,66,131,103,28
"E33020121","E01008901","E02001863",2011,220,69,12,57,151,133,18
"E33020122","E01033636","E02001863",2011,306,175,37,138,131,109,22
"E33020123","E01008899","E02001863",2011,427,86,31,55,341,257,84
"E33020123","E01008916","E02001863",2011,427,86,31,55,341,257,84
"E33020124","E01008901","E02001863",2011,312,130,35,95,182,155,27
"E33020124","E01033636","E02001863",2011,312,130,35,95,182,155,27
"E33020125","E01009081","E02001864",2011,613,261,77,184,352,280,72
"E33020125","E01009083","E02001864",2011,613,261,77,184,352,280,72
"E33020125","E01009080","E02001864",2011,613,261,77,184,352,280,72
"E33020125","E01009079","E02001864",2011,613,261,77,184,352,280,72
"E33020126","E01033635","E02001865",2011,396,159,49,110,237,187,50
"E33020127","E01009350","E02001865",2011,279,115,37,78,164,128,36
"E33020127","E01009275","E02001865",2011,279,115,37,78,164,128,36
"E33020128","E01009352","E02001865",2011,373,193,80,113,180,150,30
"E33020128","E01009353","E02001865",2011,373,193,80,113,180,150,30
"E33020129","E01009355","E02001865",2011,360,122,47,75,238,193,45
"E33020129","E01009352","E02001865",2011,360,122,47,75,238,193,45
"E33020130","E01009275","E02001865",2011,461,144,49,95,317,272,45
"E33020131","E01009355","E02001865",2011,596,167,53,114,429,344,85
"E33020132","E01008907","E02001866",2011,337,159,37,122,178,156,22
"E33020132","E01009048","E02001866",2011,337,159,37,122,178,156,22
"E33020133","E01008905","E02001866",2011,391,167,62,105,224,198,26
"E33020133","E01008907","E02001866",2011,391,167,62,105,224,198,26
"E33020134","E01009047","E02001866",2011,259,119,31,88,140,117,23
"E33020134","E01009048","E02001866",2011,259,119,31,88,140,117,23
"E33020135","E01009048","E02001866",2011,458,195,57,138,263,240,23
"E33020135","E01009047","E02001866",2011,458,195,57,138,263,240,23
"E33020136","E01009047","E02001866",2011,326,155,32,123,171,144,27
"E33020136","E01009062","E02001866",2011,326,155,32,123,171,144,27
"E33020137","E01008909","E02001867",2011,282,102,39,63,180,147,33
"E33020138","E01033637","E02001867",2011,338,109,30,79,229,206,23
"E33020139","E01033628","E02001867",2011,399,201,83,118,198,155,43
"E33020139","E01033637","E02001867",2011,399,201,83,118,198,155,43
"E33020140","E01033628","E02001867",2011,230,126,25,101,104,91,13
"E33020141","E01008909","E02001867",2011,505,150,39,111,355,296,59
"E33020141","E01033628","E02001867",2011,505,150,39,111,355,296,59
"E33020141","E01033637","E02001867",2011,505,150,39,111,355,296,59
"E33020142","E01009087","E02001868",2011,252,111,32,79,141,120,21
"E33020142","E01009089","E02001868",2011,252,111,32,79,141,120,21
"E33020143","E01009090","E02001868",2011,316,140,51,89,176,132,44
"E33020143","E01009089","E02001868",2011,316,140,51,89,176,132,44
"E33020144","E01009090","E02001868",2011,510,233,51,182,277,244,33
"E33020144","E01009085","E02001868",2011,510,233,51,182,277,244,33
"E33020145","E01009090","E02001868",2011,400,196,57,139,204,172,32
"E33020145","E01009084","E02001868",2011,400,196,57,139,204,172,32
"E33020145","E01009085","E02001868",2011,400,196,57,139,204,172,32
"E33020146","E01009203","E02001869",2011,333,126,29,97,207,176,31
"E33020146","E01009201","E02001869",2011,333,126,29,97,207,176,31
"E33020147","E01009201","E02001869",2011,335,100,25,75,235,196,39
"E33020147","E01009202","E02001869",2011,335,100,25,75,235,196,39
"E33020148","E01009481","E02001870",2011,278,124,23,101,154,128,26
"E33020148","E01009487","E02001870",2011,278,124,23,101,154,128,26
"E33020149","E01009487","E02001870",2011,339,142,54,88,197,166,31
"E33020149","E01009486","E02001870",2011,339,142,54,88,197,166,31
"E33020150","E01009082","E02001870",2011,666,170,46,124,496,419,77
"E33020150","E01009086","E02001870",2011,666,170,46,124,496,419,77
"E33020151","E01009086","E02001870",2011,332,96,14,82,236,212,24
"E33020152","E01009481","E02001870",2011,232,122,26,96,110,100,10
"E33020153","E01009486","E02001870",2011,533,242,81,161,291,252,39
"E33020153","E01009480","E02001870",2011,533,242,81,161,291,252,39
"E33020154","E01009091","E02001871",2011,358,128,34,94,230,166,64
"E33020154","E01009088","E02001871",2011,358,128,34,94,230,166,64
"E33020154","E01009305","E02001871",2011,358,128,34,94,230,166,64
"E33020154","E01009307","E02001871",2011,358,128,34,94,230,166,64
"E33020155","E01009091","E02001871",2011,429,175,32,143,254,211,43
"E33020155","E01009305","E02001871",2011,429,175,32,143,254,211,43
"E33020155","E01009307","E02001871",2011,429,175,32,143,254,211,43
"E33020155","E01009309","E02001871",2011,429,175,32,143,254,211,43
"E33020156","E01009310","E02001872",2011,327,115,34,81,212,174,38
"E33020156","E01009308","E02001872",2011,327,115,34,81,212,174,38
"E33020156","E01009306","E02001872",2011,327,115,34,81,212,174,38
"E33020157","E01009306","E02001872",2011,352,112,45,67,240,193,47
"E33020157","E01009310","E02001872",2011,352,112,45,67,240,193,47
"E33020157","E01009304","E02001872",2011,352,112,45,67,240,193,47
"E33020158","E01009304","E02001872",2011,459,238,57,181,221,198,23
"E33020158","E01009310","E02001872",2011,459,238,57,181,221,198,23
"E33020159","E01009358","E02001873",2011,494,128,20,108,366,334,32
"E33020159","E01009359","E02001873",2011,494,128,20,108,366,334,32
"E33020160","E01009359","E02001873",2011,600,246,80,166,354,298,56
"E33020161","E01009348","E02001873",2011,687,174,54,120,513,469,44
"E33020161","E01009360","E02001873",2011,687,174,54,120,513,469,44
"E33020162","E01009361","E02001873",2011,473,195,66,129,278,229,49
"E33020162","E01009360","E02001873",2011,473,195,66,129,278,229,49
"E33020163","E01009358","E02001873",2011,417,157,41,116,260,203,57
"E33020164","E01009348","E02001873",2011,4642,1094,200,894,3548,3133,415
"E33020165","E01009484","E02001874",2011,519,230,89,141,289,233,56
"E33020165","E01009485","E02001874",2011,519,230,89,141,289,233,56
"E33020166","E01009482","E02001874",2011,475,128,34,94,347,280,67
"E33020166","E01009479","E02001874",2011,475,128,34,94,347,280,67
"E33020167","E01009478","E02001874",2011,541,215,62,153,326,306,20
"E33020167","E01009479","E02001874",2011,541,215,62,153,326,306,20
"E33020167","E01009484","E02001874",2011,541,215,62,153,326,306,20
"E33020168","E01009347","E02001875",2011,239,78,17,61,161,130,31
"E33020169","E01033559","E02001875",2011,307,65,18,47,242,202,40
"E33020170","E01009347","E02001875",2011,493,178,55,123,315,288,27
"E33020171","E01033638","E02001875",2011,416,165,53,112,251,216,35
"E33020171","E01008906","E02001875",2011,416,165,53,112,251,216,35
"E33020172","E01033638","E02001875",2011,664,155,35,120,509,425,84
"E33020172","E01033559","E02001875",2011,664,155,35,120,509,425,84
"E33020172","E01008911","E02001875",2011,664,155,35,120,509,425,84
"E33020173","E01008913","E02001876",2011,225,79,21,58,146,135,11
"E33020174","E01008913","E02001876",2011,399,77,26,51,322,242,80
"E33020175","E01008914","E02001876",2011,466,120,29,91,346,287,59
"E33020176","E01008910","E02001876",2011,1790,270,71,199,1520,1296,224
"E33020177","E01033617","E02001876",2011,759,155,39,116,604,533,71
"E33020177","E01008914","E02001876",2011,759,155,39,116,604,533,71
"E33020178","E01008914","E02001876",2011,313,103,28,75,210,183,27
"E33020179","E01033561","E02001876",2011,1008,191,36,155,817,717,100
"E33020180","E01008914","E02001876",2011,1101,218,59,159,883,806,77
"E33020181","E01009194","E02001877",2011,393,191,73,118,202,177,25
"E33020182","E01009489","E02001877",2011,498,277,44,233,221,184,37
"E33020183","E01009194","E02001877",2011,277,145,38,107,132,110,22
"E33020183","E01009491","E02001877",2011,277,145,38,107,132,110,22
"E33020184","E01009483","E02001877",2011,282,149,27,122,133,111,22
"E33020184","E01009489","E02001877",2011,282,149,27,122,133,111,22
"E33020185","E01009488","E02001877",2011,307,145,33,112,162,142,20
"E33020185","E01009491","E02001877",2011,307,145,33,112,162,142,20
"E33020186","E01009199","E02001878",2011,643,134,43,91,509,370,139
"E33020187","E01009192","E02001878",2011,318,69,25,44,249,196,53
"E33020188","E01033644","E02001878",2011,466,238,51,187,228,181,47
"E33020189","E01009192","E02001878",2011,268,147,35,112,121,96,25
"E33020189","E01033644","E02001878",2011,268,147,35,112,121,96,25
"E33020190","E01009204","E02001878",2011,474,146,37,109,328,243,85
"E33020191","E01009346","E02001879",2011,432,211,54,157,221,188,33
"E33020191","E01009345","E02001879",2011,432,211,54,157,221,188,33
"E33020192","E01009345","E02001879",2011,579,191,57,134,388,360,28
"E33020193","E01009153","E02001879",2011,380,120,39,81,260,220,40
"E33020194","E01009152","E02001879",2011,421,182,67,115,239,192,47
"E33020194","E01009153","E02001879",2011,421,182,67,115,239,192,47
"E33020195","E01009152","E02001879",2011,360,203,40,163,157,136,21
"E33020195","E01009151","E02001879",2011,360,203,40,163,157,136,21
"E33020196","E01009311","E02001880",2011,293,114,23,91,179,154,25
"E33020196","E01009298","E02001880",2011,293,114,23,91,179,154,25
"E33020196","E01009094","E02001880",2011,293,114,23,91,179,154,25
"E33020196","E01009093","E02001880",2011,293,114,23,91,179,154,25
"E33020197","E01009092","E02001880",2011,336,156,45,111,180,145,35
"E33020197","E01009094","E02001880",2011,336,156,45,111,180,145,35
"E33020197","E01009093","E02001880",2011,336,156,45,111,180,145,35
"E33020198","E01009511","E02001880",2011,527,201,61,140,326,277,49
"E33020198","E01009298","E02001880",2011,527,201,61,140,326,277,49
"E33020199","E01009477","E02001881",2011,318,168,46,122,150,120,30
"E33020199","E01009492","E02001881",2011,318,168,46,122,150,120,30
"E33020199","E01009475","E02001881",2011,318,168,46,122,150,120,30
"E33020200","E01009476","E02001881",2011,546,176,40,136,370,319,51
"E33020201","E01009490","E02001881",2011,415,161,53,108,254,211,43
"E33020202","E01009476","E02001881",2011,400,194,63,131,206,176,30
"E33020202","E01009475","E02001881",2011,400,194,63,131,206,176,30
"E33020202","E01009477","E02001881",2011,400,194,63,131,206,176,30
"E33020203","E01009095","E02001882",2011,566,275,104,171,291,225,66
"E33020204","E01009508","E02001882",2011,620,148,45,103,472,361,111
"E33020204","E01009510","E02001882",2011,620,148,45,103,472,361,111
"E33020204","E01009509","E02001882",2011,620,148,45,103,472,361,111
"E33020205","E01009507","E02001882",2011,385,183,57,126,202,167,35
"E33020205","E01009509","E02001882",2011,385,183,57,126,202,167,35
"E33020206","E01009507","E02001882",2011,607,179,42,137,428,360,68
"E33020206","E01009095","E02001882",2011,607,179,42,137,428,360,68
"E33020207","E01009510","E02001882",2011,284,128,34,94,156,138,18
"E33020207","E01009509","E02001882",2011,284,128,34,94,156,138,18
"E33020208","E01009300","E02001883",2011,487,77,22,55,410,337,73
"E33020209","E01009301","E02001883",2011,336,125,41,84,211,173,38
"E33020209","E01009300","E02001883",2011,336,125,41,84,211,173,38
"E33020209","E01009297","E02001883",2011,336,125,41,84,211,173,38
"E33020209","E01009303","E02001883",2011,336,125,41,84,211,173,38
"E33020210","E01009297","E02001883",2011,340,118,23,95,222,184,38
"E33020210","E01009300","E02001883",2011,340,118,23,95,222,184,38
"E33020211","E01009299","E02001883",2011,322,118,40,78,204,165,39
"E33020211","E01009303","E02001883",2011,322,118,40,78,204,165,39
"E33020212","E01009301","E02001883",2011,362,84,22,62,278,216,62
"E33020212","E01009303","E02001883",2011,362,84,22,62,278,216,62
"E33020213","E01009195","E02001884",2011,678,256,62,194,422,377,45
"E33020213","E01009197","E02001884",2011,678,256,62,194,422,377,45
"E33020214","E01009198","E02001884",2011,262,84,15,69,178,132,46
"E33020215","E01033649","E02001884",2011,844,295,77,218,549,497,52
"E33020215","E01033647","E02001884",2011,844,295,77,218,549,497,52
"E33020216","E01009140","E02001886",2011,293,101,30,71,192,153,39
"E33020216","E01009145","E02001886",2011,293,101,30,71,192,153,39
"E33020217","E01009147","E02001886",2011,332,114,41,73,218,191,27
"E33020217","E01009139","E02001886",2011,332,114,41,73,218,191,27
"E33020217","E01009138","E02001886",2011,332,114,41,73,218,191,27
"E33020218","E01009145","E02001886",2011,245,110,28,82,135,110,25
"E33020218","E01009147","E02001886",2011,245,110,28,82,135,110,25
"E33020219","E01009147","E02001886",2011,350,107,46,61,243,187,56
"E33020219","E01009138","E02001886",2011,350,107,46,61,243,187,56
"E33020220","E01009138","E02001886",2011,465,192,59,133,273,242,31
"E33020220","E01009139","E02001886",2011,465,192,59,133,273,242,31
"E33020221","E01009140","E02001886",2011,239,82,35,47,157,138,19
"E33020222","E01009140","E02001886",2011,499,124,33,91,375,329,46
"E33020223","E01009517","E02001888",2011,336,89,33,56,247,211,36
"E33020223","E01009512","E02001888",2011,336,89,33,56,247,211,36
"E33020224","E01009517","E02001888",2011,431,108,31,77,323,242,81
"E33020224","E01009516","E02001888",2011,431,108,31,77,323,242,81
"E33020224","E01009514","E02001888",2011,431,108,31,77,323,242,81
"E33020225","E01009516","E02001888",2011,411,170,31,139,241,195,46
"E33020225","E01009514","E02001888",2011,411,170,31,139,241,195,46
"E33020226","E01033642","E02001889",2011,754,363,80,283,391,339,52
"E33020226","E01009325","E02001889",2011,754,363,80,283,391,339,52
"E33020226","E01009343","E02001889",2011,754,363,80,283,391,339,52
"E33020226","E01009342","E02001889",2011,754,363,80,283,391,339,52
"E33020227","E01009343","E02001889",2011,355,158,46,112,197,167,30
"E33020227","E01009342","E02001889",2011,355,158,46,112,197,167,30
"E33020228","E01008990","E02001890",2011,1037,182,47,135,855,734,121
"E33020228","E01008991","E02001890",2011,1037,182,47,135,855,734,121
"E33020228","E01008988","E02001890",2011,1037,182,47,135,855,734,121
"E33020229","E01008989","E02001890",2011,405,147,47,100,258,214,44
"E33020229","E01008991","E02001890",2011,405,147,47,100,258,214,44
"E33020230","E01008990","E02001890",2011,1281,305,93,212,976,833,143
"E33020231","E01008987","E02001890",2011,411,151,63,88,260,220,40
"E33020231","E01008988","E02001890",2011,411,151,63,88,260,220,40
"E33020232","E01008988","E02001890",2011,411,123,30,93,288,205,83
"E33020232","E01008986","E02001890",2011,411,123,30,93,288,205,83
"E33020233","E01008987","E02001890",2011,252,70,34,36,182,134,48
"E33020234","E01008989","E02001890",2011,335,117,34,83,218,187,31
"E33020234","E01008986","E02001890",2011,335,117,34,83,218,187,31
"E33020235","E01009326","E02001892",2011,578,232,80,152,346,276,70
"E33020235","E01008898","E02001892",2011,578,232,80,152,346,276,70
"E33020236","E01009513","E02001892",2011,294,118,48,70,176,137,39
"E33020237","E01008896","E02001892",2011,323,120,23,97,203,182,21
"E33020237","E01009513","E02001892",2011,323,120,23,97,203,182,21
"E33020237","E01009341","E02001892",2011,323,120,23,97,203,182,21
"E33020238","E01008882","E02001892",2011,379,133,22,111,246,229,17
"E33020238","E01008898","E02001892",2011,379,133,22,111,246,229,17
"E33020239","E01009515","E02001893",2011,253,84,19,65,169,141,28
"E33020239","E01009518","E02001893",2011,253,84,19,65,169,141,28
"E33020240","E01008881","E02001893",2011,399,181,58,123,218,197,21
"E33020240","E01008897","E02001893",2011,399,181,58,123,218,197,21
"E33020241","E01008881","E02001893",2011,315,143,53,90,172,130,42
"E33020242","E01009521","E02001893",2011,535,213,55,158,322,255,67
"E33020242","E01009518","E02001893",2011,535,213,55,158,322,255,67
"E33020243","E01009323","E02001895",2011,352,120,24,96,232,174,58
"E33020243","E01009322","E02001895",2011,352,120,24,96,232,174,58
"E33020243","E01009321","E02001895",2011,352,120,24,96,232,174,58
"E33020244","E01009302","E02001895",2011,378,151,31,120,227,182,45
"E33020245","E01009314","E02001895",2011,556,236,68,168,320,278,42
"E33020245","E01009323","E02001895",2011,556,236,68,168,320,278,42
"E33020245","E01009322","E02001895",2011,556,236,68,168,320,278,42
"E33020246","E01009338","E02001896",2011,416,211,78,133,205,164,41
"E33020246","E01009337","E02001896",2011,416,211,78,133,205,164,41
"E33020247","E01009380","E02001896",2011,330,221,47,174,109,98,11
"E33020248","E01009334","E02001896",2011,466,230,71,159,236,199,37
"E33020248","E01009337","E02001896",2011,466,230,71,159,236,199,37
"E33020248","E01009329","E02001896",2011,466,230,71,159,236,199,37
"E33020249","E01009362","E02001897",2011,376,122,41,81,254,232,22
"E33020250","E01009365","E02001897",2011,638,204,43,161,434,369,65
"E33020250","E01009364","E02001897",2011,638,204,43,161,434,369,65
"E33020251","E01009365","E02001897",2011,475,203,63,140,272,233,39
"E33020252","E01009363","E02001897",2011,472,128,32,96,344,283,61
"E33020253","E01009379","E02001897",2011,220,88,34,54,132,108,24
"E33020254","E01009363","E02001897",2011,227,104,52,52,123,106,17
"E33020254","E01009379","E02001897",2011,227,104,52,52,123,106,17
"E33020255","E01009362","E02001897",2011,500,150,43,107,350,304,46
"E33020255","E01009364","E02001897",2011,500,150,43,107,350,304,46
"E33020256","E01009312","E02001898",2011,333,112,40,72,221,173,48
"E33020256","E01009324","E02001898",2011,333,112,40,72,221,173,48
"E33020257","E01009312","E02001898",2011,386,122,35,87,264,190,74
"E33020257","E01009520","E02001898",2011,386,122,35,87,264,190,74
"E33020257","E01009519","E02001898",2011,386,122,35,87,264,190,74
"E33020258","E01009260","E02001899",2011,499,195,50,145,304,260,44
"E33020258","E01009252","E02001899",2011,499,195,50,145,304,260,44
"E33020259","E01009066","E02001899",2011,599,179,68,111,420,323,97
"E33020260","E01009260","E02001899",2011,696,241,77,164,455,393,62
"E33020260","E01009252","E02001899",2011,696,241,77,164,455,393,62
"E33020261","E01009261","E02001899",2011,281,89,22,67,192,154,38
"E33020262","E01009252","E02001899",2011,619,264,68,196,355,288,67
"E33020262","E01009070","E02001899",2011,619,264,68,196,355,288,67
"E33020263","E01008994","E02001900",2011,431,140,42,98,291,238,53
"E33020263","E01008997","E02001900",2011,431,140,42,98,291,238,53
"E33020264","E01008994","E02001900",2011,671,186,58,128,485,436,49
"E33020265","E01008996","E02001900",2011,404,159,60,99,245,204,41
"E33020265","E01008984","E02001900",2011,404,159,60,99,245,204,41
"E33020266","E01009072","E02001901",2011,401,137,37,100,264,219,45
"E33020267","E01009068","E02001901",2011,414,156,59,97,258,207,51
"E33020267","E01009067","E02001901",2011,414,156,59,97,258,207,51
"E33020268","E01009065","E02001901",2011,415,67,22,45,348,267,81
"E33020268","E01009067","E02001901",2011,415,67,22,45,348,267,81
"E33020268","E01009069","E02001901",2011,415,67,22,45,348,267,81
"E33020269","E01009069","E02001901",2011,316,122,44,78,194,165,29
"E33020270","E01009068","E02001901",2011,597,271,111,160,326,279,47
"E33020270","E01009069","E02001901",2011,597,271,111,160,326,279,47
"E33020271","E01009065","E02001901",2011,284,91,23,68,193,176,17
"E33020272","E01009068","E02001901",2011,382,170,66,104,212,170,42
"E33020273","E01008886","E02001902",2011,521,165,56,109,356,292,64
"E33020273","E01008885","E02001902",2011,521,165,56,109,356,292,64
"E33020273","E01008888","E02001902",2011,521,165,56,109,356,292,64
"E33020274","E01008886","E02001902",2011,283,101,22,79,182,162,20
"E33020274","E01008885","E02001902",2011,283,101,22,79,182,162,20
"E33020275","E01009313","E02001902",2011,332,139,53,86,193,155,38
"E33020276","E01009368","E02001903",2011,397,165,54,111,232,200,32
"E33020276","E01009371","E02001903",2011,397,165,54,111,232,200,32
"E33020277","E01009368","E02001903",2011,297,151,52,99,146,118,28
"E33020277","E01033650","E02001903",2011,297,151,52,99,146,118,28
"E33020278","E01033650","E02001903",2011,413,128,32,96,285,229,56
"E33020279","E01009397","E02001903",2011,551,242,67,175,309,269,40
"E33020280","E01009371","E02001903",2011,277,120,36,84,157,121,36
"E33020281","E01008883","E02001904",2011,281,120,29,91,161,133,28
"E33020281","E01008884","E02001904",2011,281,120,29,91,161,133,28
"E33020282","E01008884","E02001904",2011,328,76,23,53,252,213,39
"E33020283","E01008889","E02001904",2011,407,132,27,105,275,233,42
"E33020284","E01008883","E02001904",2011,622,100,22,78,522,431,91
"E33020284","E01008887","E02001904",2011,622,100,22,78,522,431,91
"E33020285","E01008887","E02001904",2011,369,101,23,78,268,229,39
"E33020286","E01008992","E02001905",2011,444,174,81,93,270,213,57
"E33020287","E01009283","E02001905",2011,305,116,49,67,189,157,32
"E33020288","E01008992","E02001905",2011,436,170,65,105,266,231,35
"E33020288","E01033631","E02001905",2011,436,170,65,105,266,231,35
"E33020289","E01033631","E02001905",2011,697,264,128,136,433,356,77
"E33020290","E01008982","E02001905",2011,1031,387,129,258,644,556,88
"E33020291","E01009249","E02001906",2011,263,105,21,84,158,136,22
"E33020291","E01009251","E02001906",2011,263,105,21,84,158,136,22
"E33020292","E01009250","E02001906",2011,305,83,31,52,222,179,43
"E33020293","E01009249","E02001906",2011,282,88,30,58,194,150,44
"E33020293","E01009257","E02001906",2011,282,88,30,58,194,150,44
"E33020294","E01009253","E02001906",2011,423,120,37,83,303,251,52
"E33020294","E01009250","E02001906",2011,423,120,37,83,303,251,52
"E33020295","E01009253","E02001906",2011,364,145,52,93,219,190,29
"E33020295","E01009251","E02001906",2011,364,145,52,93,219,190,29
"E33020296","E01009255","E02001906",2011,288,134,53,81,154,122,32
"E33020296","E01009257","E02001906",2011,288,134,53,81,154,122,32
"E33020297","E01009315","E02001907",2011,645,218,52,166,427,380,47
"E33020297","E01009317","E02001907",2011,645,218,52,166,427,380,47
"E33020297","E01009318","E02001907",2011,645,218,52,166,427,380,47
"E33020298","E01009316","E02001907",2011,575,140,41,99,435,395,40
"E33020298","E01009315","E02001907",2011,575,140,41,99,435,395,40
"E33020299","E01009319","E02001907",2011,393,137,54,83,256,194,62
"E33020299","E01009320","E02001907",2011,393,137,54,83,256,194,62
"E33020299","E01009315","E02001907",2011,393,137,54,83,256,194,62
"E33020300","E01009319","E02001907",2011,359,70,15,55,289,243,46
"E33020300","E01009320","E02001907",2011,359,70,15,55,289,243,46
"E33020300","E01009318","E02001907",2011,359,70,15,55,289,243,46
"E33020301","E01033643","E02001908",2011,368,151,37,114,217,191,26
"E33020302","E01009373","E02001908",2011,431,234,76,158,197,168,29
"E33020302","E01009372","E02001908",2011,431,234,76,158,197,168,29
"E33020302","E01033643","E02001908",2011,431,234,76,158,197,168,29
"E33020303","E01009396","E02001908",2011,229,122,38,84,107,93,14
"E33020304","E01009396","E02001908",2011,444,183,54,129,261,213,48
"E33020305","E01009383","E02001909",2011,474,253,107,146,221,175,46
"E33020305","E01009399","E02001909",2011,474,253,107,146,221,175,46
"E33020306","E01009377","E02001909",2011,310,165,33,132,145,133,12
"E33020306","E01009375","E02001909",2011,310,165,33,132,145,133,12
"E33020307","E01009367","E02001909",2011,386,150,27,123,236,198,38
"E33020307","E01009375","E02001909",2011,386,150,27,123,236,198,38
"E33020308","E01009377","E02001909",2011,456,200,53,147,256,219,37
"E33020308","E01009375","E02001909",2011,456,200,53,147,256,219,37
"E33020309","E01033648","E02001910",2011,528,254,71,183,274,229,45
"E33020309","E01009376","E02001910",2011,528,254,71,183,274,229,45
"E33020310","E01009374","E02001910",2011,575,249,65,184,326,269,57
"E33020310","E01009366","E02001910",2011,575,249,65,184,326,269,57
"E33020310","E01009376","E02001910",2011,575,249,65,184,326,269,57
"E33020311","E01009376","E02001910",2011,262,92,31,61,170,140,30
"E33020312","E01009254","E02001911",2011,294,148,48,100,146,119,27
"E33020312","E01009256","E02001911",2011,294,148,48,100,146,119,27
"E33020313","E01009256","E02001911",2011,318,117,36,81,201,161,40
"E33020313","E01009254","E02001911",2011,318,117,36,81,201,161,40
"E33020313","E01009258","E02001911",2011,318,117,36,81,201,161,40
"E33020314","E01009073","E02001911",2011,371,128,47,81,243,195,48
"E33020314","E01009074","E02001911",2011,371,128,47,81,243,195,48
"E33020314","E01009258","E02001911",2011,371,128,47,81,243,195,48
"E33020315","E01033562","E02001913",2011,351,133,38,95,218,189,29
"E33020315","E01009078","E02001913",2011,351,133,38,95,218,189,29
"E33020316","E01009071","E02001913",2011,331,145,53,92,186,146,40
"E33020317","E01033562","E02001913",2011,287,106,37,69,181,146,35
"E33020317","E01009071","E02001913",2011,287,106,37,69,181,146,35
"E33020317","E01009075","E02001913",2011,287,106,37,69,181,146,35
"E33020318","E01009186","E02001914",2011,259,93,28,65,166,127,39
"E33020318","E01009183","E02001914",2011,259,93,28,65,166,127,39
"E33020319","E01033645","E02001914",2011,495,171,60,111,324,302,22
"E33020319","E01009183","E02001914",2011,495,171,60,111,324,302,22
"E33020320","E01009183","E02001914",2011,282,80,25,55,202,182,20
"E33020320","E01009186","E02001914",2011,282,80,25,55,202,182,20
"E33020321","E01033645","E02001914",2011,434,215,60,155,219,201,18
"E33020322","E01008893","E02001915",2011,387,104,38,66,283,219,64
"E33020322","E01008894","E02001915",2011,387,104,38,66,283,219,64
"E33020323","E01008890","E02001915",2011,314,92,27,65,222,185,37
"E33020323","E01008892","E02001915",2011,314,92,27,65,222,185,37
"E33020324","E01008892","E02001915",2011,428,164,49,115,264,219,45
"E33020324","E01008890","E02001915",2011,428,164,49,115,264,219,45
"E33020324","E01008893","E02001915",2011,428,164,49,115,264,219,45
"E33020325","E01008891","E02001915",2011,381,113,24,89,268,221,47
"E33020325","E01008895","E02001915",2011,381,113,24,89,268,221,47
"E33020326","E01008891","E02001915",2011,310,131,48,83,179,140,39
"E33020326","E01008893","E02001915",2011,310,131,48,83,179,140,39
"E33020326","E01008890","E02001915",2011,310,131,48,83,179,140,39
"E33020327","E01008894","E02001915",2011,751,375,113,262,376,321,55
"E33020327","E01009015","E02001915",2011,751,375,113,262,376,321,55
"E33020328","E01008894","E02001915",2011,382,158,38,120,224,181,43
"E33020328","E01008895","E02001915",2011,382,158,38,120,224,181,43
"E33020328","E01009015","E02001915",2011,382,158,38,120,224,181,43
"E33020329","E01008894","E02001915",2011,539,279,86,193,260,226,34
"E33020330","E01009029","E02001916",2011,452,189,66,123,263,214,49
"E33020330","E01009018","E02001916",2011,452,189,66,123,263,214,49
"E33020331","E01009014","E02001916",2011,512,71,21,50,441,380,61
"E33020332","E01009018","E02001916",2011,244,87,28,59,157,132,25
"E33020333","E01009026","E02001916",2011,343,93,16,77,250,215,35
"E33020333","E01009028","E02001916",2011,343,93,16,77,250,215,35
"E33020334","E01009028","E02001916",2011,540,141,35,106,399,346,53
"E33020334","E01009029","E02001916",2011,540,141,35,106,399,346,53
"E33020335","E01009385","E02001918",2011,231,96,26,70,135,113,22
"E33020336","E01009182","E02001918",2011,429,176,66,110,253,205,48
"E33020336","E01009184","E02001918",2011,429,176,66,110,253,205,48
"E33020337","E01009187","E02001918",2011,293,116,44,72,177,128,49
"E33020337","E01009188","E02001918",2011,293,116,44,72,177,128,49
"E33020338","E01009384","E02001918",2011,266,125,57,68,141,114,27
"E33020339","E01009182","E02001918",2011,264,113,38,75,151,134,17
"E33020340","E01009384","E02001918",2011,420,157,56,101,263,224,39
"E33020340","E01009385","E02001918",2011,420,157,56,101,263,224,39
"E33020341","E01009188","E02001918",2011,490,191,61,130,299,244,55
"E33020341","E01009184","E02001918",2011,490,191,61,130,299,244,55
"E33020341","E01009187","E02001918",2011,490,191,61,130,299,244,55
"E33020342","E01009184","E02001918",2011,234,80,28,52,154,114,40
"E33020342","E01009187","E02001918",2011,234,80,28,52,154,114,40
"E33020343","E01009389","E02001919",2011,341,147,47,100,194,157,37
"E33020343","E01009394","E02001919",2011,341,147,47,100,194,157,37
"E33020343","E01009390","E02001919",2011,341,147,47,100,194,157,37
"E33020343","E01009185","E02001919",2011,341,147,47,100,194,157,37
"E33020344","E01009185","E02001919",2011,466,169,45,124,297,258,39
"E33020344","E01009390","E02001919",2011,466,169,45,124,297,258,39
"E33020345","E01008920","E02001920",2011,346,128,49,79,218,161,57
"E33020345","E01008918","E02001920",2011,346,128,49,79,218,161,57
"E33020346","E01008920","E02001920",2011,823,81,18,63,742,630,112
"E33020346","E01008931","E02001920",2011,823,81,18,63,742,630,112
"E33020346","E01008918","E02001920",2011,823,81,18,63,742,630,112
"E33020347","E01008921","E02001920",2011,465,77,27,50,388,343,45
"E33020348","E01009259","E02001920",2011,277,99,24,75,178,143,35
"E33020348","E01008918","E02001920",2011,277,99,24,75,178,143,35
"E33020348","E01008931","E02001920",2011,277,99,24,75,178,143,35
"E33020349","E01009259","E02001920",2011,1030,98,28,70,932,799,133
"E33020350","E01009500","E02001921",2011,240,84,27,57,156,141,15
"E33020350","E01009064","E02001921",2011,240,84,27,57,156,141,15
"E33020351","E01008919","E02001921",2011,435,102,36,66,333,268,65
"E33020352","E01009077","E02001921",2011,409,142,61,81,267,211,56
"E33020352","E01009064","E02001921",2011,409,142,61,81,267,211,56
"E33020352","E01009291","E02001921",2011,409,142,61,81,267,211,56
"E33020353","E01009290","E02001922",2011,395,211,91,120,184,163,21
"E33020353","E01009286","E02001922",2011,395,211,91,120,184,163,21
"E33020354","E01033634","E02001922",2011,359,206,121,85,153,126,27
"E33020354","E01009286","E02001922",2011,359,206,121,85,153,126,27
"E33020355","E01009289","E02001922",2011,256,139,76,63,117,97,20
"E33020355","E01033634","E02001922",2011,256,139,76,63,117,97,20
"E33020356","E01009284","E02001922",2011,729,230,107,123,499,447,52
"E33020356","E01009290","E02001922",2011,729,230,107,123,499,447,52
"E33020356","E01009289","E02001922",2011,729,230,107,123,499,447,52
"E33020357","E01009284","E02001922",2011,876,422,158,264,454,425,29
"E33020358","E01033634","E02001922",2011,326,185,104,81,141,116,25
"E33020358","E01009289","E02001922",2011,326,185,104,81,141,116,25
"E33020359","E01009044","E02001923",2011,296,96,19,77,200,162,38
"E33020359","E01009045","E02001923",2011,296,96,19,77,200,162,38
"E33020360","E01009017","E02001923",2011,434,162,53,109,272,227,45
"E33020360","E01009043","E02001923",2011,434,162,53,109,272,227,45
"E33020361","E01009045","E02001923",2011,593,312,70,242,281,228,53
"E33020361","E01009043","E02001923",2011,593,312,70,242,281,228,53
"E33020362","E01009046","E02001923",2011,570,69,15,54,501,460,41
"E33020362","E01009045","E02001923",2011,570,69,15,54,501,460,41
"E33020362","E01009043","E02001923",2011,570,69,15,54,501,460,41
"E33020363","E01009395","E02001923",2011,501,190,66,124,311,227,84
"E33020363","E01009045","E02001923",2011,501,190,66,124,311,227,84
"E33020364","E01009046","E02001923",2011,395,158,51,107,237,179,58
"E33020365","E01009022","E02001924",2011,412,165,69,96,247,201,46
"E33020365","E01009030","E02001924",2011,412,165,69,96,247,201,46
"E33020365","E01009023","E02001924",2011,412,165,69,96,247,201,46
"E33020366","E01009016","E02001924",2011,274,93,25,68,181,148,33
"E33020366","E01009022","E02001924",2011,274,93,25,68,181,148,33
"E33020367","E01009016","E02001924",2011,262,45,13,32,217,191,26
"E33020368","E01009022","E02001924",2011,430,128,48,80,302,242,60
"E33020368","E01009023","E02001924",2011,430,128,48,80,302,242,60
"E33020369","E01009294","E02001925",2011,347,132,51,81,215,185,30
"E33020369","E01009295","E02001925",2011,347,132,51,81,215,185,30
"E33020369","E01009292","E02001925",2011,347,132,51,81,215,185,30
"E33020370","E01009281","E02001925",2011,482,185,46,139,297,271,26
"E33020371","E01009294","E02001925",2011,315,70,24,46,245,154,91
"E33020372","E01009295","E02001925",2011,270,116,44,72,154,127,27
"E33020373","E01009280","E02001926",2011,573,108,37,71,465,392,73
"E33020373","E01009282","E02001926",2011,573,108,37,71,465,392,73
"E33020374","E01009293","E02001926",2011,282,99,42,57,183,142,41
"E33020374","E01009282","E02001926",2011,282,99,42,57,183,142,41
"E33020375","E01009288","E02001926",2011,352,160,39,121,192,161,31
"E33020376","E01009288","E02001926",2011,431,195,79,116,236,198,38
"E33020376","E01009296","E02001926",2011,431,195,79,116,236,198,38
"E33020377","E01009282","E02001926",2011,456,105,27,78,351,322,29
"E33020378","E01009505","E02001927",2011,419,134,57,77,285,206,79
"E33020378","E01009501","E02001927",2011,419,134,57,77,285,206,79
"E33020379","E01009501","E02001927",2011,365,155,42,113,210,165,45
"E33020379","E01009502","E02001927",2011,365,155,42,113,210,165,45
"E33020380","E01009501","E02001927",2011,311,115,37,78,196,149,47
"E33020380","E01009503","E02001927",2011,311,115,37,78,196,149,47
"E33020380","E01009502","E02001927",2011,311,115,37,78,196,149,47
"E33020381","E01009502","E02001927",2011,328,104,25,79,224,190,34
"E33020381","E01008924","E02001927",2011,328,104,25,79,224,190,34
"E33020382","E01008923","E02001928",2011,279,136,35,101,143,115,28
"E33020382","E01008928","E02001928",2011,279,136,35,101,143,115,28
"E33020383","E01008917","E02001928",2011,809,155,56,99,654,557,97
"E33020383","E01008923","E02001928",2011,809,155,56,99,654,557,97
"E33020383","E01008925","E02001928",2011,809,155,56,99,654,557,97
"E33020383","E01008927","E02001928",2011,809,155,56,99,654,557,97
"E33020384","E01009024","E02001929",2011,506,195,65,130,311,241,70
"E33020384","E01009025","E02001929",2011,506,195,65,130,311,241,70
"E33020384","E01009019","E02001929",2011,506,195,65,130,311,241,70
"E33020384","E01009033","E02001929",2011,506,195,65,130,311,241,70
"E33020385","E01009021","E02001929",2011,366,133,52,81,233,182,51
"E33020385","E01009019","E02001929",2011,366,133,52,81,233,182,51
"E33020385","E01009020","E02001929",2011,366,133,52,81,233,182,51
"E33020385","E01009025","E02001929",2011,366,133,52,81,233,182,51
"E33020386","E01009179","E02001930",2011,572,204,71,133,368,275,93
"E33020387","E01009189","E02001930",2011,301,131,46,85,170,134,36
"E33020387","E01009175","E02001930",2011,301,131,46,85,170,134,36
"E33020388","E01009178","E02001930",2011,481,217,62,155,264,202,62
"E33020388","E01009177","E02001930",2011,481,217,62,155,264,202,62
"E33020389","E01009175","E02001930",2011,801,331,108,223,470,382,88
"E33020390","E01009176","E02001931",2011,261,102,32,70,159,118,41
"E33020391","E01009031","E02001931",2011,407,157,53,104,250,181,69
"E33020392","E01009037","E02001931",2011,266,102,34,68,164,124,40
"E33020393","E01008933","E02001931",2011,352,112,40,72,240,195,45
"E33020393","E01008934","E02001931",2011,352,112,40,72,240,195,45
"E33020394","E01008929","E02001932",2011,416,123,41,82,293,210,83
"E33020394","E01008930","E02001932",2011,416,123,41,82,293,210,83
"E33020394","E01033629","E02001932",2011,416,123,41,82,293,210,83
"E33020395","E01033629","E02001932",2011,716,245,89,156,471,391,80
"E33020396","E01009495","E02001932",2011,333,83,20,63,250,215,35
"E33020396","E01008929","E02001932",2011,333,83,20,63,250,215,35
"E33020397","E01008966","E02001933",2011,333,113,38,75,220,177,43
"E33020397","E01008953","E02001933",2011,333,113,38,75,220,177,43
"E33020398","E01008964","E02001933",2011,366,97,33,64,269,206,63
"E33020398","E01008963","E02001933",2011,366,97,33,64,269,206,63
"E33020399","E01008963","E02001933",2011,439,179,47,132,260,224,36
"E33020399","E01008965","E02001933",2011,439,179,47,132,260,224,36
"E33020399","E01008964","E02001933",2011,439,179,47,132,260,224,36
"E33020400","E01008953","E02001933",2011,737,172,29,143,565,504,61
"E33020400","E01008965","E02001933",2011,737,172,29,143,565,504,61
"E33020401","E01009035","E02001934",2011,904,359,123,236,545,439,106
"E33020401","E01009032","E02001934",2011,904,359,123,236,545,439,106
"E33020402","E01009034","E02001934",2011,629,251,92,159,378,308,70
"E33020402","E01009036","E02001934",2011,629,251,92,159,378,308,70
"E33020403","E01009506","E02001935",2011,328,118,28,90,210,161,49
"E33020403","E01009494","E02001935",2011,328,118,28,90,210,161,49
"E33020403","E01009496","E02001935",2011,328,118,28,90,210,161,49
"E33020404","E01009496","E02001935",2011,414,171,53,118,243,197,46
"E33020404","E01009497","E02001935",2011,414,171,53,118,243,197,46
"E33020405","E01009504","E02001935",2011,255,95,38,57,160,127,33
"E33020406","E01009497","E02001935",2011,577,208,62,146,369,307,62
"E33020407","E01008967","E02001936",2011,345,60,23,37,285,252,33
"E33020407","E01008970","E02001936",2011,345,60,23,37,285,252,33
"E33020408","E01008981","E02001936",2011,422,188,59,129,234,202,32
"E33020408","E01008967","E02001936",2011,422,188,59,129,234,202,32
"E33020409","E01008981","E02001936",2011,363,139,55,84,224,184,40
"E33020409","E01008967","E02001936",2011,363,139,55,84,224,184,40
"E33020409","E01008968","E02001936",2011,363,139,55,84,224,184,40
"E33020410","E01008968","E02001936",2011,394,136,62,74,258,210,48
"E33020411","E01008935","E02001937",2011,330,113,29,84,217,176,41
"E33020411","E01008939","E02001937",2011,330,113,29,84,217,176,41
"E33020411","E01008938","E02001937",2011,330,113,29,84,217,176,41
"E33020412","E01008932","E02001937",2011,496,174,52,122,322,264,58
"E33020412","E01008935","E02001937",2011,496,174,52,122,322,264,58
"E33020413","E01008935","E02001937",2011,518,162,57,105,356,283,73
"E33020413","E01008936","E02001937",2011,518,162,57,105,356,283,73
"E33020414","E01008952","E02001938",2011,500,209,50,159,291,234,57
"E33020414","E01008955","E02001938",2011,500,209,50,159,291,234,57
"E33020415","E01008956","E02001938",2011,392,146,43,103,246,180,66
"E33020416","E01008957","E02001938",2011,398,72,27,45,326,256,70
"E33020417","E01008956","E02001938",2011,289,101,37,64,188,154,34
"E33020417","E01008955","E02001938",2011,289,101,37,64,188,154,34
"E33020417","E01008951","E02001938",2011,289,101,37,64,188,154,34
"E33020418","E01008957","E02001938",2011,230,86,23,63,144,113,31
"E33020419","E01008952","E02001938",2011,359,84,21,63,275,238,37
"E33020419","E01008955","E02001938",2011,359,84,21,63,275,238,37
"E33020420","E01008951","E02001938",2011,278,111,37,74,167,122,45
"E33020421","E01008952","E02001938",2011,418,156,37,119,262,210,52
"E33020422","E01008954","E02001939",2011,1546,496,148,348,1050,942,108
"E33020422","E01008958","E02001939",2011,1546,496,148,348,1050,942,108
"E33020422","E01009493","E02001939",2011,1546,496,148,348,1050,942,108
"E33020423","E01009493","E02001939",2011,594,197,67,130,397,329,68
"E33020423","E01008950","E02001939",2011,594,197,67,130,397,329,68
"E33020423","E01008954","E02001939",2011,594,197,67,130,397,329,68
"E33020424","E01008937","E02001941",2011,328,138,41,97,190,142,48
"E33020424","E01008940","E02001941",2011,328,138,41,97,190,142,48
"E33020424","E01008944","E02001941",2011,328,138,41,97,190,142,48
"E33020425","E01008937","E02001941",2011,572,214,64,150,358,307,51
"E33020425","E01008941","E02001941",2011,572,214,64,150,358,307,51
"E33020425","E01008940","E02001941",2011,572,214,64,150,358,307,51
"E33020426","E01008960","E02001942",2011,307,108,35,73,199,159,40
"E33020426","E01008959","E02001942",2011,307,108,35,73,199,159,40
"E33020427","E01008961","E02001942",2011,424,159,49,110,265,198,67
"E33020427","E01008962","E02001942",2011,424,159,49,110,265,198,67
"E33020427","E01008959","E02001942",2011,424,159,49,110,265,198,67
"E33020428","E01008961","E02001942",2011,440,98,24,74,342,290,52
"E33020428","E01008960","E02001942",2011,440,98,24,74,342,290,52
"E33020429","E01008942","E02001943",2011,381,159,56,103,222,172,50
"E33020429","E01008943","E02001943",2011,381,159,56,103,222,172,50
"E33020430","E01008969","E02001943",2011,523,112,38,74,411,350,61
"E33020430","E01008943","E02001943",2011,523,112,38,74,411,350,61
"E33020431","E01008971","E02001943",2011,351,152,63,89,199,161,38
"E33020432","E01008973","E02001944",2011,900,283,75,208,617,545,72
"E33020432","E01008975","E02001944",2011,900,283,75,208,617,545,72
"E33020432","E01008972","E02001944",2011,900,283,75,208,617,545,72
"E33020433","E01008974","E02001944",2011,327,110,22,88,217,170,47
"E33020433","E01008973","E02001944",2011,327,110,22,88,217,170,47
"E33020433","E01008972","E02001944",2011,327,110,22,88,217,170,47
"E33020434","E01008974","E02001944",2011,346,90,31,59,256,212,44
"E33020434","E01008973","E02001944",2011,346,90,31,59,256,212,44
"E33020435","E01009498","E02001945",2011,720,343,85,258,377,331,46
"E33020435","E01009499","E02001945",2011,720,343,85,258,377,331,46
"E33020435","E01009172","E02001945",2011,720,343,85,258,377,331,46
"E33020436","E01009172","E02001945",2011,367,138,45,93,229,173,56
"E33020436","E01009173","E02001945",2011,367,138,45,93,229,173,56
"E33020436","E01009174","E02001945",2011,367,138,45,93,229,173,56
"E33020437","E01009205","E02001946",2011,223,94,39,55,129,101,28
"E33020438","E01009205","E02001946",2011,331,100,37,63,231,203,28
"E33020438","E01009211","E02001946",2011,331,100,37,63,231,203,28
"E33020439","E01009218","E02001946",2011,450,182,56,126,268,224,44
"E33020440","E01009206","E02001946",2011,521,185,51,134,336,275,61
"E33020440","E01009219","E02001946",2011,521,185,51,134,336,275,61
"E33020441","E01008976","E02001947",2011,256,99,27,72,157,140,17
"E33020441","E01008978","E02001947",2011,256,99,27,72,157,140,17
"E33020442","E01008980","E02001947",2011,656,247,83,164,409,334,75
"E33020442","E01008978","E02001947",2011,656,247,83,164,409,334,75
"E33020443","E01008980","E02001947",2011,283,137,36,101,146,120,26
"E33020443","E01008979","E02001947",2011,283,137,36,101,146,120,26
"E33020444","E01008945","E02001948",2011,683,198,59,139,485,426,59
"E33020445","E01008945","E02001948",2011,345,100,31,69,245,203,42
"E33020445","E01008946","E02001948",2011,345,100,31,69,245,203,42
"E33020445","E01008947","E02001948",2011,345,100,31,69,245,203,42
"E33020445","E01008949","E02001948",2011,345,100,31,69,245,203,42
"E33020446","E01008947","E02001948",2011,329,131,30,101,198,168,30
"E33020446","E01008948","E02001948",2011,329,131,30,101,198,168,30
"E33020447","E01008948","E02001948",2011,466,186,59,127,280,242,38
"E33020447","E01008949","E02001948",2011,466,186,59,127,280,242,38
"E33020448","E01008977","E02001949",2011,307,69,15,54,238,192,46
"E33020448","E01009120","E02001949",2011,307,69,15,54,238,192,46
"E33020449","E01009119","E02001949",2011,556,174,46,128,382,306,76
"E33020450","E01009120","E02001949",2011,354,104,25,79,250,204,46
"E33020450","E01009109","E02001949",2011,354,104,25,79,250,204,46
"E33020451","E01009209","E02001950",2011,510,159,46,113,351,275,76
"E33020451","E01009207","E02001950",2011,510,159,46,113,351,275,76
"E33020452","E01009208","E02001950",2011,367,115,37,78,252,205,47
"E33020452","E01009162","E02001950",2011,367,115,37,78,252,205,47
"E33020453","E01009208","E02001950",2011,423,56,17,39,367,329,38
"E33020453","E01009209","E02001950",2011,423,56,17,39,367,329,38
"E33020454","E01009213","E02001950",2011,602,169,42,127,433,373,60
"E33020454","E01009162","E02001950",2011,602,169,42,127,433,373,60
"E33020455","E01009209","E02001950",2011,390,148,58,90,242,187,55
"E33020455","E01009213","E02001950",2011,390,148,58,90,242,187,55
"E33020456","E01033633","E02001951",2011,390,129,31,98,261,215,46
"E33020456","E01009160","E02001951",2011,390,129,31,98,261,215,46
"E33020456","E01009161","E02001951",2011,390,129,31,98,261,215,46
"E33020457","E01033633","E02001951",2011,282,68,26,42,214,176,38
"E33020457","E01009157","E02001951",2011,282,68,26,42,214,176,38
"E33020458","E01033633","E02001951",2011,461,161,57,104,300,232,68
"E33020458","E01009161","E02001951",2011,461,161,57,104,300,232,68
"E33020458","E01009155","E02001951",2011,461,161,57,104,300,232,68
"E33020459","E01009215","E02001952",2011,286,102,38,64,184,135,49
"E33020460","E01009210","E02001952",2011,305,93,30,63,212,181,31
"E33020460","E01009214","E02001952",2011,305,93,30,63,212,181,31
"E33020461","E01009212","E02001952",2011,279,109,28,81,170,136,34
"E33020461","E01009215","E02001952",2011,279,109,28,81,170,136,34
"E33020462","E01009117","E02001952",2011,546,209,66,143,337,261,76
"E33020462","E01009214","E02001952",2011,546,209,66,143,337,261,76
"E33020463","E01009116","E02001953",2011,396,104,38,66,292,221,71
"E33020463","E01009118","E02001953",2011,396,104,38,66,292,221,71
"E33020464","E01009108","E02001953",2011,329,126,52,74,203,168,35
"E33020464","E01009111","E02001953",2011,329,126,52,74,203,168,35
"E33020464","E01009118","E02001953",2011,329,126,52,74,203,168,35
"E33020465","E01009112","E02001953",2011,906,285,58,227,621,563,58
"E33020465","E01009111","E02001953",2011,906,285,58,227,621,563,58
"E33020466","E01009114","E02001954",2011,552,206,84,122,346,267,79
"E33020466","E01009113","E02001954",2011,552,206,84,122,346,267,79
"E33020466","E01009115","E02001954",2011,552,206,84,122,346,267,79
"E33020467","E01009110","E02001954",2011,488,135,48,87,353,297,56
"E33020467","E01009107","E02001954",2011,488,135,48,87,353,297,56
"E33020468","E01009163","E02001955",2011,502,80,24,56,422,373,49
"E33020469","E01009165","E02001955",2011,690,251,78,173,439,352,87
"E33020469","E01009169","E02001955",2011,690,251,78,173,439,352,87
"E33020470","E01009158","E02001955",2011,577,161,21,140,416,353,63
"E33020471","E01009159","E02001956",2011,548,124,29,95,424,375,49
"E33020472","E01009171","E02001956",2011,502,148,42,106,354,286,68
"E33020472","E01009164","E02001956",2011,502,148,42,106,354,286,68
"E33020472","E01009167","E02001956",2011,502,148,42,106,354,286,68
"E33020473","E01009216","E02001957",2011,477,158,51,107,319,257,62
"E33020473","E01009168","E02001957",2011,477,158,51,107,319,257,62
"E33020473","E01009166","E02001957",2011,477,158,51,107,319,257,62
"E33020473","E01009170","E02001957",2011,477,158,51,107,319,257,62
"E33020474","E01009217","E02001957",2011,565,191,43,148,374,314,60
"E33020474","E01009216","E02001957",2011,565,191,43,148,374,314,60
"E33023213","E01009039","E02006807",2011,648,227,83,144,421,318,103
"E33023213","E01009041","E02006807",2011,648,227,83,144,421,318,103
"E33023213","E01032589","E02006807",2011,648,227,83,144,421,318,103
"E33023214","E01009040","E02006807",2011,494,153,69,84,341,273,68
"E33023214","E01009039","E02006807",2011,494,153,69,84,341,273,68
"E33023214","E01009042","E02006807",2011,494,153,69,84,341,273,68
"E33023218","E01009279","E02006809",2011,290,115,46,69,175,145,30
"E33023218","E01009267","E02006809",2011,290,115,46,69,175,145,30
"E33023218","E01032591","E02006809",2011,290,115,46,69,175,145,30
"E33023219","E01009278","E02006809",2011,685,143,40,103,542,482,60
"E33023219","E01009279","E02006809",2011,685,143,40,103,542,482,60
"E33023220","E01009267","E02006809",2011,268,99,23,76,169,143,26
"E33023220","E01009262","E02006809",2011,268,99,23,76,169,143,26
"E33023220","E01032591","E02006809",2011,268,99,23,76,169,143,26
"E33023221","E01009262","E02006809",2011,319,104,42,62,215,158,57
"E33023221","E01009278","E02006809",2011,319,104,42,62,215,158,57
"E33023222","E01009276","E02006809",2011,352,105,29,76,247,194,53
"E33023222","E01032591","E02006809",2011,352,105,29,76,247,194,53
"E33023236","E01033557","E02006895",2011,437,127,35,92,310,278,32
"E33023237","E01033557","E02006895",2011,844,226,67,159,618,529,89
"E33023238","E01033557","E02006895",2011,639,131,27,104,508,406,102
"E33023239","E01033640","E02006895",2011,640,161,34,127,479,415,64
"E33023240","E01033624","E02006895",2011,487,172,30,142,315,271,44
"E33023240","E01033640","E02006895",2011,487,172,30,142,315,271,44
"E33023240","E01008995","E02006895",2011,487,172,30,142,315,271,44
"E33023241","E01008995","E02006895",2011,359,140,49,91,219,202,17
"E33023242","E01033624","E02006895",2011,871,203,52,151,668,609,59
"E33023242","E01033626","E02006895",2011,871,203,52,151,668,609,59
"E33023243","E01033616","E02006896",2011,318,56,11,45,262,223,39
"E33023243","E01033615","E02006896",2011,318,56,11,45,262,223,39
"E33023244","E01033615","E02006896",2011,264,67,10,57,197,163,34
"E33023244","E01033616","E02006896",2011,264,67,10,57,197,163,34
"E33023245","E01033615","E02006896",2011,319,79,21,58,240,196,44
"E33023246","E01033615","E02006896",2011,734,213,33,180,521,470,51
"E33023246","E01033567","E02006896",2011,734,213,33,180,521,470,51
"E33023247","E01009378","E02006896",2011,227,78,27,51,149,126,23
"E33023248","E01009378","E02006896",2011,349,113,13,100,236,205,31
"E33023249","E01033615","E02006896",2011,501,177,75,102,324,281,43
"E33023249","E01033567","E02006896",2011,501,177,75,102,324,281,43
"E33023250","E01033616","E02006896",2011,376,135,53,82,241,213,28
"E33023250","E01033567","E02006896",2011,376,135,53,82,241,213,28
"E33023251","E01009378","E02006896",2011,306,86,18,68,220,191,29
"E33023252","E01033639","E02006897",2011,416,185,36,149,231,189,42
"E33023252","E01033564","E02006897",2011,416,185,36,149,231,189,42
"E33023253","E01009146","E02006897",2011,476,182,70,112,294,249,45
"E33023254","E01009143","E02006897",2011,452,137,33,104,315,289,26
"E33023254","E01033639","E02006897",2011,452,137,33,104,315,289,26
"E33023255","E01009141","E02006898",2011,477,102,22,80,375,342,33
"E33023256","E01009141","E02006898",2011,1106,177,40,137,929,841,88
"E33023256","E01033619","E02006898",2011,1106,177,40,137,929,841,88
"E33023257","E01033565","E02006898",2011,478,88,30,58,390,327,63
"E33023258","E01033565","E02006898",2011,417,68,20,48,349,312,37
"E33023259","E01009141","E02006898",2011,345,57,11,46,288,275,13
"E33023260","E01033619","E02006898",2011,462,93,29,64,369,322,47
"E33023261","E01033618","E02006898",2011,279,112,44,68,167,120,47
"E33023261","E01009141","E02006898",2011,279,112,44,68,167,120,47
"E33023262","E01033627","E02006898",2011,322,101,37,64,221,191,30
"E33023262","E01033619","E02006898",2011,322,101,37,64,221,191,30
"E33023263","E01033623","E02006899",2011,510,145,42,103,365,319,46
"E33023264","E01033623","E02006899",2011,474,78,17,61,396,333,63
"E33023264","E01033622","E02006899",2011,474,78,17,61,396,333,63
"E33023265","E01033622","E02006899",2011,247,44,8,36,203,174,29
"E33023266","E01009327","E02006900",2011,264,119,24,95,145,121,24
"E33023266","E01009331","E02006900",2011,264,119,24,95,145,121,24
"E33023267","E01009200","E02006900",2011,466,232,145,87,234,188,46
"E33023268","E01009328","E02006900",2011,311,177,52,125,134,112,22
"E33023268","E01009344","E02006900",2011,311,177,52,125,134,112,22
"E33023268","E01009333","E02006900",2011,311,177,52,125,134,112,22
"E33023269","E01009344","E02006900",2011,414,178,43,135,236,187,49
"E33023269","E01009332","E02006900",2011,414,178,43,135,236,187,49
"E33023270","E01009200","E02006900",2011,306,74,26,48,232,192,40
"E33023271","E01009328","E02006900",2011,371,186,59,127,185,150,35
"E33023271","E01009335","E02006900",2011,371,186,59,127,185,150,35
"E33023271","E01009327","E02006900",2011,371,186,59,127,185,150,35
"E33023271","E01009331","E02006900",2011,371,186,59,127,185,150,35
"E33023272","E01009335","E02006900",2011,614,386,87,299,228,206,22
"E33023273","E01009340","E02006901",2011,325,110,24,86,215,176,39
"E33023274","E01009393","E02006901",2011,385,208,51,157,177,150,27
"E33023275","E01009391","E02006901",2011,301,111,32,79,190,170,20
"E33023275","E01009393","E02006901",2011,301,111,32,79,190,170,20
"E33023275","E01033641","E02006901",2011,301,111,32,79,190,170,20
"E33023276","E01009339","E02006901",2011,378,124,26,98,254,207,47
"E33023277","E01009382","E02006901",2011,252,122,36,86,130,102,28
"E33023278","E01033641","E02006901",2011,304,122,33,89,182,156,26
"E33023279","E01009382","E02006901",2011,310,127,35,92,183,162,21
"E33023279","E01009392","E02006901",2011,310,127,35,92,183,162,21
"E33023279","E01009393","E02006901",2011,310,127,35,92,183,162,21
"E33023280","E01009391","E02006901",2011,284,159,43,116,125,97,28
